33 0.5287760416666667 0.15833333333333333 0.01171875 0.001851851851851852
62 0.7736979166666667 0.1726851851851852 0.0036458333333333334 0.025925925925925925
33 0.49661458333333336 0.1789351851851852 0.013020833333333334 0.02361111111111111
28 0.7114583333333333 0.175 0.013020833333333334 0.032407407407407406
29 0.15559895833333334 0.15694444444444444 0.0013020833333333333 0.000925925925925926
29 0.216015625 0.1638888888888889 0.004427083333333333 0.014814814814814815
29 0.15234375 0.16435185185185186 0.005208333333333333 0.01574074074074074
16 0.2830729166666667 0.16620370370370371 0.0026041666666666665 0.019444444444444445
61 0.3826822916666667 0.16898148148148148 0.00234375 0.025
29 0.165234375 0.17175925925925925 0.01484375 0.030555555555555555
29 0.20651041666666667 0.17222222222222222 0.015104166666666667 0.032407407407407406
61 0.3983072916666667 0.1736111111111111 0.008072916666666667 0.03425925925925926
61 0.37018229166666666 0.1736111111111111 0.00859375 0.03425925925925926
16 0.328125 0.1736111111111111 0.019270833333333334 0.03425925925925926
16 0.2734375 0.17337962962962963 0.018229166666666668 0.034722222222222224
61 0.4725260416666667 0.17407407407407408 0.008072916666666667 0.03425925925925926
61 0.44453125 0.17407407407407408 0.008333333333333333 0.03425925925925926
43 0.266796875 0.4041666666666667 0.019010416666666665 0.030555555555555555
43 0.33372395833333335 0.4046296296296296 0.019010416666666665 0.030555555555555555
80 0.405078125 0.4060185185185185 0.017447916666666667 0.032407407407407406
80 0.4654947916666667 0.40694444444444444 0.017447916666666667 0.03333333333333333
39 0.21783854166666666 0.40694444444444444 0.00703125 0.03611111111111111
43 0.30078125 0.40949074074074077 0.0067708333333333336 0.034722222222222224
12 0.5498697916666667 0.4101851851851852 0.00234375 0.03888888888888889
80 0.443359375 0.41458333333333336 0.015885416666666666 0.034722222222222224
80 0.4044270833333333 0.41597222222222224 0.0171875 0.03194444444444444
21 0.650390625 0.4134259259259259 0.014322916666666666 0.040740740740740744
21 0.6864583333333333 0.4152777777777778 0.014583333333333334 0.041666666666666664
12 0.5486979166666667 0.41689814814814813 0.0005208333333333333 0.04490740740740741
12 0.5248697916666667 0.4152777777777778 0.0013020833333333333 0.049074074074074076
12 0.5864583333333333 0.41597222222222224 0.0020833333333333333 0.04953703703703704
24 0.7522135416666667 0.41782407407407407 0.009114583333333334 0.04953703703703704
24 0.8145833333333333 0.4185185185185185 0.008333333333333333 0.05
24 0.7904947916666667 0.418287037037037 0.008072916666666667 0.050462962962962966
39 0.1625 0.42592592592592593 0.0203125 0.04259259259259259
39 0.23046875 0.42824074074074076 0.0203125 0.03888888888888889
43 0.2703125 0.4275462962962963 0.019270833333333334 0.0412037037037037
43 0.33684895833333334 0.42824074074074076 0.019010416666666665 0.040740740740740744
80 0.4608072916666667 0.4310185185185185 0.016927083333333332 0.03796296296296296
80 0.42044270833333336 0.43148148148148147 0.017447916666666667 0.03796296296296296
21 0.616796875 0.4310185185185185 0.012239583333333333 0.03981481481481482
21 0.6954427083333333 0.4303240740740741 0.01484375 0.043055555555555555
12 0.5567708333333333 0.4217592592592593 0.011458333333333333 0.062037037037037036
12 0.49518229166666666 0.4215277777777778 0.011197916666666667 0.0625
12 0.5307291666666667 0.4219907407407407 0.0109375 0.0625
24 0.7708333333333334 0.4238425925925926 0.0125 0.059722222222222225
24 0.75703125 0.4238425925925926 0.0125 0.059722222222222225
24 0.73046875 0.42430555555555555 0.0125 0.059722222222222225
12 0.5921875 0.42268518518518516 0.011979166666666667 0.06296296296296296
24 0.7971354166666667 0.425 0.013020833333333334 0.06018518518518518
32 0.42486979166666666 0.47476851851851853 0.00078125 0.000462962962962963
32 0.46627604166666664 0.4752314814814815 0.007552083333333333 0.000462962962962963
43 0.4921875 0.475462962962963 0.0005208333333333333 0.000925925925925926
34 0.23177083333333334 0.47453703703703703 0.0026041666666666665 0.002777777777777778
43 0.5528645833333333 0.47638888888888886 0.014583333333333334 0.001851851851851852
43 0.5096354166666667 0.47638888888888886 0.0015625 0.001851851851851852
43 0.56015625 0.47685185185185186 0.0010416666666666667 0.001851851851851852
43 0.5248697916666667 0.47662037037037036 0.00078125 0.0023148148148148147
43 0.5774739583333334 0.4777777777777778 0.0018229166666666667 0.003703703703703704
106 0.282421875 0.4791666666666667 0.0018229166666666667 0.011111111111111112
32 0.4342447916666667 0.4798611111111111 0.00390625 0.010648148148148148
106 0.33059895833333336 0.47962962962962963 0.002864583333333333 0.011111111111111112
34 0.2125 0.4798611111111111 0.004166666666666667 0.014351851851851852
10 0.611328125 0.4877314814814815 0.0033854166666666668 0.010648148148148148
10 0.6200520833333333 0.48518518518518516 0.009375 0.017592592592592594
106 0.291015625 0.48564814814814816 0.01171875 0.024074074074074074
26 0.7326822916666667 0.4877314814814815 0.005989583333333334 0.020833333333333332
106 0.340625 0.48703703703703705 0.011458333333333333 0.025925925925925925
34 0.240625 0.48865740740740743 0.0171875 0.031018518518518518
43 0.5705729166666667 0.49236111111111114 0.016145833333333335 0.03287037037037037
43 0.5165364583333333 0.49212962962962964 0.01640625 0.03333333333333333
34 0.175 0.4960648148148148 0.005729166666666666 0.02824074074074074
26 0.794921875 0.4946759259259259 0.011197916666666667 0.033796296296296297
26 0.7588541666666667 0.49444444444444446 0.011458333333333333 0.03425925925925926
43 0.54296875 0.4983796296296296 0.0046875 0.029166666666666667
43 0.5794270833333334 0.49722222222222223 0.005208333333333333 0.032407407407407406
10 0.674609375 0.49537037037037035 0.009114583333333334 0.037037037037037035
106 0.30611979166666664 0.49537037037037035 0.013802083333333333 0.03796296296296296
106 0.33671875 0.4962962962962963 0.0140625 0.037037037037037035
10 0.6915364583333333 0.4909722222222222 0.009114583333333334 0.01712962962962963
26 0.7479166666666667 0.4983796296296296 0.011458333333333333 0.04212962962962963
26 0.8080729166666667 0.4983796296296296 0.0109375 0.0412037037037037
10 0.6690104166666667 0.5018518518518519 0.010416666666666666 0.03981481481481482
32 0.46627604166666664 0.4983796296296296 0.006510416666666667 0.04675925925925926
32 0.43111979166666664 0.4981481481481482 0.005989583333333334 0.04722222222222222
32 0.40924479166666666 0.4981481481481482 0.00546875 0.04722222222222222
10 0.6377604166666667 0.5020833333333333 0.009375 0.04027777777777778
26 0.7833333333333333 0.5002314814814814 0.011979166666666667 0.04490740740740741
34 0.16640625 0.5113425925925926 0.0171875 0.034722222222222224
34 0.20416666666666666 0.5122685185185185 0.0171875 0.033796296296296297
106 0.35065104166666666 0.5106481481481482 0.013802083333333333 0.03888888888888889
106 0.3182291666666667 0.5106481481481482 0.0140625 0.03888888888888889
106 0.28671875 0.5106481481481482 0.0140625 0.03888888888888889
9 0.7606770833333333 0.6011574074074074 0.0109375 0.06527777777777778
127 0.4669270833333333 0.6173611111111111 0.00625 0.03287037037037037
127 0.453125 0.6175925925925926 0.00625 0.03333333333333333
127 0.43020833333333336 0.617824074074074 0.00625 0.03287037037037037
127 0.4095052083333333 0.6175925925925926 0.006510416666666667 0.03425925925925926
127 0.3946614583333333 0.6175925925925926 0.006510416666666667 0.03425925925925926
98 0.6657552083333333 0.6155092592592593 0.00703125 0.03935185185185185
98 0.6567708333333333 0.6157407407407407 0.0067708333333333336 0.03981481481481482
98 0.648046875 0.6157407407407407 0.006510416666666667 0.03981481481481482
98 0.6321614583333334 0.6159722222222223 0.00703125 0.03935185185185185
98 0.6825520833333333 0.6162037037037037 0.0067708333333333336 0.03981481481481482
119 0.5505208333333333 0.6150462962962963 0.00625 0.04212962962962963
119 0.5141927083333333 0.6152777777777778 0.005989583333333334 0.041666666666666664
98 0.708203125 0.6166666666666667 0.00703125 0.03981481481481482
119 0.589453125 0.6152777777777778 0.00546875 0.04259259259259259
119 0.529296875 0.6155092592592593 0.00546875 0.04212962962962963
30 0.29609375 0.6180555555555556 0.019270833333333334 0.040740740740740744
24 0.17005208333333333 0.6155092592592593 0.0109375 0.04861111111111111
24 0.22213541666666667 0.6159722222222223 0.010416666666666666 0.04861111111111111
24 0.201953125 0.6159722222222223 0.010677083333333334 0.04861111111111111
127 0.4298177083333333 0.6252314814814814 0.006510416666666667 0.034722222222222224
127 0.422265625 0.6252314814814814 0.006510416666666667 0.034722222222222224
127 0.47408854166666664 0.6256944444444444 0.006510416666666667 0.034722222222222224
127 0.4596354166666667 0.6256944444444444 0.00625 0.034722222222222224
127 0.44479166666666664 0.6256944444444444 0.0067708333333333336 0.034722222222222224
127 0.41497395833333334 0.6256944444444444 0.006510416666666667 0.034722222222222224
127 0.40794270833333335 0.6256944444444444 0.006510416666666667 0.034722222222222224
119 0.5009114583333333 0.6222222222222222 0.00703125 0.04259259259259259
98 0.6251302083333333 0.6243055555555556 0.007552083333333333 0.03935185185185185
119 0.540234375 0.6226851851851852 0.00703125 0.04259259259259259
98 0.6674479166666667 0.6247685185185186 0.0078125 0.03935185185185185
98 0.6428385416666667 0.624537037037037 0.007552083333333333 0.03981481481481482
119 0.5779947916666667 0.6231481481481481 0.00703125 0.04259259259259259
119 0.56328125 0.6231481481481481 0.0067708333333333336 0.04259259259259259
9 0.8014322916666666 0.6131944444444445 0.01484375 0.06527777777777778
9 0.7768229166666667 0.6129629629629629 0.014583333333333334 0.06574074074074074
9 0.7391927083333333 0.6129629629629629 0.013802083333333333 0.06574074074074074
9 0.7977864583333333 0.600925925925926 0.011197916666666667 0.06481481481481481
9 0.7369791666666666 0.6002314814814815 0.0125 0.06435185185185185
24 0.24049479166666668 0.6050925925925926 0.009114583333333334 0.04814814814814815
24 0.18385416666666668 0.6046296296296296 0.008333333333333333 0.04814814814814815
24 0.16276041666666666 0.6037037037037037 0.007291666666666667 0.04814814814814815
24 0.19348958333333333 0.6041666666666666 0.008854166666666666 0.04722222222222222
24 0.21263020833333332 0.6037037037037037 0.010677083333333334 0.046296296296296294
24 0.22630208333333332 0.5900462962962963 0.007291666666666667 0.04027777777777778
119 0.4928385416666667 0.6060185185185185 0.006510416666666667 0.024074074074074074
30 0.28359375 0.5988425925925925 0.005208333333333333 0.03194444444444444
30 0.3494791666666667 0.5960648148148148 0.0078125 0.03657407407407407
30 0.29388020833333334 0.5884259259259259 0.01953125 0.04351851851851852
98 0.60859375 0.600925925925926 0.003125 0.008333333333333333
98 0.6158854166666666 0.5965277777777778 0.007291666666666667 0.018055555555555554
24 0.195703125 0.5842592592592593 0.00703125 0.028703703703703703
30 0.309375 0.5740740740740741 0.0046875 0.03796296296296296
30 0.3203125 0.5717592592592593 0.019270833333333334 0.03333333333333333
30 0.2760416666666667 0.5708333333333333 0.019270833333333334 0.032407407407407406
9 0.7368489583333333 0.5703703703703704 0.01171875 0.023148148148148147
9 0.7631510416666667 0.5699074074074074 0.011197916666666667 0.022222222222222223
9 0.7998697916666667 0.5701388888888889 0.011197916666666667 0.02175925925925926
30 0.2889322916666667 0.5615740740740741 0.002864583333333333 0.013888888888888888
30 0.3072916666666667 0.5625 0.0005208333333333333 0.003703703703703704
26 0.795703125 0.5092592592592593 0.012239583333333333 0.05555555555555555
26 0.7369791666666666 0.5085648148148149 0.011979166666666667 0.055092592592592596
26 0.7592447916666667 0.5083333333333333 0.01171875 0.05555555555555555
10 0.6908854166666667 0.5136574074074074 0.010416666666666666 0.043055555555555555
32 0.4376302083333333 0.5046296296296297 0.010677083333333334 0.06018518518518518
32 0.4720052083333333 0.5048611111111111 0.01015625 0.059722222222222225
10 0.611328125 0.5131944444444444 0.00546875 0.043055555555555555
32 0.41627604166666665 0.5043981481481481 0.011197916666666667 0.059722222222222225
43 0.5723958333333333 0.5171296296296296 0.016145833333333335 0.03425925925925926
10 0.6587239583333333 0.5127314814814815 0.01015625 0.043055555555555555
32 0.380078125 0.5039351851851852 0.011197916666666667 0.059722222222222225
24 0.7212239583333333 0.4060185185185185 0.0033854166666666668 0.026851851851851852
21 0.6436197916666667 0.4048611111111111 0.01171875 0.02638888888888889
12 0.51328125 0.4041666666666667 0.0010416666666666667 0.026851851851851852
80 0.4139322916666667 0.40162037037037035 0.002864583333333333 0.02361111111111111
80 0.39296875 0.4013888888888889 0.0036458333333333334 0.023148148148148147
21 0.6919270833333333 0.40162037037037035 0.011458333333333333 0.018055555555555554
43 0.28125 0.4064814814814815 0.0005208333333333333 0.006481481481481481
24 0.8145833333333333 0.40023148148148147 0.0109375 0.013425925925925926
24 0.752734375 0.3988425925925926 0.011197916666666667 0.011574074074074073
24 0.7893229166666667 0.39814814814814814 0.0109375 0.010185185185185186
39 0.24348958333333334 0.38958333333333334 0.0010416666666666667 0.001388888888888889
43 0.27786458333333336 0.3939814814814815 0.0046875 0.009259259259259259
43 0.34270833333333334 0.39351851851851855 0.0015625 0.008333333333333333
80 0.47421875 0.394212962962963 0.0010416666666666667 0.006944444444444444
80 0.4153645833333333 0.39328703703703705 0.0020833333333333333 0.006944444444444444
21 0.6842447916666666 0.39444444444444443 0.0033854166666666668 0.003703703703703704
39 0.17044270833333333 0.3921296296296296 0.00546875 0.007407407407407408
24 0.7470052083333333 0.394212962962963 0.0013020833333333333 0.0023148148148148147
21 0.6345052083333333 0.39305555555555555 0.0018229166666666667 0.002777777777777778
39 0.23932291666666666 0.3912037037037037 0.0015625 0.004629629629629629
80 0.45455729166666664 0.3907407407407407 0.00078125 0.000925925925925926
65 0.71796875 0.35208333333333336 0.0078125 0.03564814814814815
65 0.6579427083333333 0.35162037037037036 0.007552083333333333 0.03564814814814815
65 0.6791666666666667 0.35162037037037036 0.007291666666666667 0.03564814814814815
65 0.6954427083333333 0.35162037037037036 0.007552083333333333 0.03564814814814815
65 0.634765625 0.3511574074074074 0.007552083333333333 0.03564814814814815
47 0.7734375 0.3511574074074074 0.0171875 0.03564814814814815
66 0.5733072916666667 0.3506944444444444 0.00703125 0.03564814814814815
65 0.61953125 0.3506944444444444 0.007291666666666667 0.03564814814814815
66 0.49296875 0.35 0.0067708333333333336 0.03611111111111111
66 0.533984375 0.35 0.00703125 0.03611111111111111
66 0.550390625 0.350462962962963 0.00703125 0.03518518518518519
128 0.462890625 0.3460648148148148 0.007552083333333333 0.043055555555555555
66 0.5098958333333333 0.34976851851851853 0.0067708333333333336 0.03564814814814815
128 0.37421875 0.3460648148148148 0.0078125 0.04212962962962963
128 0.4109375 0.3456018518518518 0.0078125 0.043055555555555555
128 0.419921875 0.3458333333333333 0.007552083333333333 0.04259259259259259
128 0.3924479166666667 0.3456018518518518 0.0078125 0.04212962962962963
92 0.329296875 0.35671296296296295 0.00859375 0.01898148148148148
71 0.227734375 0.3365740740740741 0.012760416666666666 0.058333333333333334
92 0.3477864583333333 0.35625 0.00859375 0.01898148148148148
92 0.2694010416666667 0.355787037037037 0.00859375 0.01898148148148148
92 0.2989583333333333 0.355787037037037 0.008854166666666666 0.01898148148148148
71 0.2015625 0.33564814814814814 0.013020833333333334 0.058333333333333334
71 0.16380208333333332 0.33541666666666664 0.013020833333333334 0.05787037037037037
65 0.7065104166666667 0.3451388888888889 0.005729166666666666 0.03564814814814815
65 0.682421875 0.34467592592592594 0.00546875 0.03564814814814815
65 0.64140625 0.3439814814814815 0.0067708333333333336 0.03518518518518519
66 0.5352864583333333 0.34282407407407406 0.005989583333333334 0.034722222222222224
66 0.5088541666666667 0.3425925925925926 0.00625 0.03425925925925926
128 0.47317708333333336 0.3384259259259259 0.0067708333333333336 0.041666666666666664
66 0.4934895833333333 0.3421296296296296 0.0067708333333333336 0.03425925925925926
128 0.4 0.33796296296296297 0.0067708333333333336 0.041666666666666664
128 0.42799479166666665 0.33819444444444446 0.007552083333333333 0.0412037037037037
66 0.5735677083333334 0.3368055555555556 0.00703125 0.02175925925925926
128 0.383984375 0.33773148148148147 0.007552083333333333 0.0412037037037037
65 0.6653645833333334 0.33819444444444446 0.0067708333333333336 0.022685185185185187
92 0.3184895833333333 0.3435185185185185 0.008333333333333333 0.010185185185185186
71 0.17942708333333332 0.3277777777777778 0.008333333333333333 0.05277777777777778
128 0.41354166666666664 0.33125 0.00625 0.04212962962962963
128 0.39453125 0.33078703703703705 0.00625 0.04212962962962963
47 0.805078125 0.3337962962962963 0.009635416666666667 0.03611111111111111
47 0.7662760416666666 0.3365740740740741 0.006510416666666667 0.028703703703703703
47 0.7295572916666667 0.3351851851851852 0.00546875 0.028703703703703703
92 0.2928385416666667 0.33935185185185185 0.00859375 0.018518518518518517
92 0.3470052083333333 0.34375 0.00859375 0.009722222222222222
92 0.2625 0.3388888888888889 0.008333333333333333 0.018518518518518517
92 0.26953125 0.3425925925925926 0.008333333333333333 0.009259259259259259
71 0.24088541666666666 0.3226851851851852 0.0125 0.04259259259259259
47 0.7592447916666667 0.32430555555555557 0.016927083333333332 0.03657407407407407
47 0.797265625 0.32384259259259257 0.016927083333333332 0.03657407407407407
47 0.7451822916666667 0.3199074074074074 0.002864583333333333 0.02962962962962963
47 0.753515625 0.31504629629629627 0.014322916666666666 0.01990740740740741
71 0.15677083333333333 0.31180555555555556 0.005729166666666666 0.020833333333333332
47 0.723046875 0.31203703703703706 0.00234375 0.013888888888888888
71 0.195703125 0.30972222222222223 0.00546875 0.016666666666666666
47 0.805859375 0.3108796296296296 0.01171875 0.010648148148148148
71 0.21783854166666666 0.3085648148148148 0.010677083333333334 0.014351851851851852
71 0.21119791666666668 0.30486111111111114 0.0036458333333333334 0.006944444444444444
71 0.1734375 0.30462962962962964 0.004166666666666667 0.006481481481481481
99 0.6971354166666667 0.25555555555555554 0.0109375 0.05277777777777778
99 0.71875 0.2553240740740741 0.011458333333333333 0.052314814814814814
99 0.6263020833333334 0.25439814814814815 0.010416666666666666 0.052314814814814814
99 0.6609375 0.25439814814814815 0.0109375 0.052314814814814814
47 0.785546875 0.262037037037037 0.01796875 0.037037037037037035
47 0.7427083333333333 0.26296296296296295 0.017708333333333333 0.03425925925925926
6 0.175390625 0.25254629629629627 0.01484375 0.052314814814814814
68 0.28177083333333336 0.2657407407407407 0.011979166666666667 0.025925925925925925
18 0.4234375 0.256712962962963 0.0203125 0.04398148148148148
68 0.35013020833333336 0.2655092592592593 0.01171875 0.02546296296296296
34 0.5694010416666667 0.25833333333333336 0.019010416666666665 0.03981481481481482
6 0.224609375 0.2516203703703704 0.01484375 0.052314814814814814
34 0.500390625 0.2587962962962963 0.018489583333333334 0.03796296296296296
99 0.693359375 0.2465277777777778 0.00859375 0.052314814814814814
99 0.7149739583333333 0.2462962962962963 0.00859375 0.05185185185185185
99 0.6346354166666667 0.24583333333333332 0.008333333333333333 0.05185185185185185
68 0.28541666666666665 0.2550925925925926 0.011458333333333333 0.025
68 0.3126302083333333 0.2548611111111111 0.01171875 0.02546296296296296
6 0.16302083333333334 0.24074074074074073 0.013020833333333334 0.05185185185185185
6 0.210546875 0.23958333333333334 0.014322916666666666 0.05138888888888889
68 0.3365885416666667 0.25416666666666665 0.01171875 0.022222222222222223
47 0.7326822916666667 0.24814814814814815 0.005989583333333334 0.03425925925925926
34 0.587890625 0.24421296296296297 0.018489583333333334 0.03564814814814815
18 0.412890625 0.23981481481481481 0.002864583333333333 0.04351851851851852
34 0.5151041666666667 0.24328703703703702 0.0036458333333333334 0.03009259259259259
68 0.26145833333333335 0.24305555555555555 0.011458333333333333 0.021296296296296296
68 0.29830729166666664 0.24328703703703702 0.01171875 0.01990740740740741
68 0.32135416666666666 0.24328703703703702 0.011458333333333333 0.01898148148148148
47 0.802734375 0.2337962962962963 0.01796875 0.037037037037037035
34 0.5462239583333334 0.23078703703703704 0.019010416666666665 0.03564814814814815
47 0.7296875 0.23171296296296295 0.004166666666666667 0.033796296296296297
34 0.5875 0.23055555555555557 0.01875 0.03425925925925926
6 0.19557291666666668 0.22870370370370371 0.0125 0.03425925925925926
68 0.2994791666666667 0.23449074074074075 0.011458333333333333 0.02175925925925926
6 0.23619791666666667 0.22824074074074074 0.0067708333333333336 0.03333333333333333
68 0.2630208333333333 0.23402777777777778 0.011458333333333333 0.02175925925925926
18 0.445703125 0.22847222222222222 0.020052083333333335 0.03194444444444444
68 0.32565104166666664 0.23333333333333334 0.011197916666666667 0.021296296296296296
18 0.378515625 0.22800925925925927 0.020052083333333335 0.03194444444444444
18 0.4010416666666667 0.22800925925925927 0.021875 0.03194444444444444
18 0.38984375 0.23148148148148148 0.0015625 0.022222222222222223
99 0.6709635416666667 0.22175925925925927 0.009635416666666667 0.01574074074074074
99 0.6393229166666666 0.22523148148148148 0.008333333333333333 0.02361111111111111
47 0.754296875 0.22592592592592592 0.008072916666666667 0.022222222222222223
47 0.727734375 0.22523148148148148 0.005989583333333334 0.020833333333333332
6 0.165234375 0.22083333333333333 0.012760416666666666 0.019444444444444445
34 0.5151041666666667 0.22175925925925927 0.003125 0.017592592592592594
99 0.61796875 0.22199074074074074 0.0036458333333333334 0.01712962962962963
34 0.5567708333333333 0.2212962962962963 0.0015625 0.016666666666666666
47 0.7934895833333333 0.2222222222222222 0.0067708333333333336 0.013888888888888888
34 0.596484375 0.2199074074074074 0.0018229166666666667 0.012962962962962963
6 0.15755208333333334 0.21712962962962962 0.003125 0.012037037037037037
47 0.7891927083333333 0.21643518518518517 0.00390625 0.0023148148148148147
33 0.5440104166666667 0.15902777777777777 0.011458333333333333 0.0032407407407407406
61 0.3977864583333333 0.16643518518518519 0.008072916666666667 0.01990740740740741
62 0.7858072916666666 0.17314814814814813 0.0033854166666666668 0.025925925925925925
33 0.51171875 0.17962962962962964 0.013020833333333334 0.024074074074074074
29 0.18671875 0.17199074074074075 0.015104166666666667 0.03194444444444444
61 0.4264322916666667 0.17407407407407408 0.008072916666666667 0.03425925925925926
21 0.6475260416666667 0.4310185185185185 0.01484375 0.04259259259259259
34 0.215234375 0.4900462962962963 0.00026041666666666666 0.005092592592592593
26 0.77265625 0.4875 0.010416666666666666 0.020370370370370372
30 0.3419270833333333 0.6175925925925926 0.019270833333333334 0.04259259259259259
30 0.2734375 0.6196759259259259 0.019270833333333334 0.038425925925925926
24 0.212109375 0.6155092592592593 0.010677083333333334 0.04861111111111111
24 0.16015625 0.6155092592592593 0.0109375 0.04861111111111111
24 0.24375 0.6155092592592593 0.010416666666666666 0.04953703703703704
127 0.3790364583333333 0.6247685185185186 0.00546875 0.034722222222222224
127 0.40065104166666665 0.6252314814814814 0.006510416666666667 0.034722222222222224
127 0.43723958333333335 0.6256944444444444 0.00625 0.034722222222222224
119 0.5854166666666667 0.6231481481481481 0.007291666666666667 0.04259259259259259
9 0.7647135416666667 0.6134259259259259 0.014322916666666666 0.06574074074074074
24 0.25052083333333336 0.6057870370370371 0.010416666666666666 0.04861111111111111
24 0.17330729166666667 0.6046296296296296 0.00703125 0.04814814814814815
24 0.202734375 0.6043981481481482 0.01015625 0.04675925925925926
98 0.6233072916666667 0.6069444444444444 0.00703125 0.03796296296296296
24 0.23125 0.5946759259259259 0.009375 0.02638888888888889
30 0.305078125 0.5995370370370371 0.0049479166666666664 0.03148148148148148
30 0.315625 0.5888888888888889 0.019791666666666666 0.04351851851851852
30 0.2721354166666667 0.5879629629629629 0.019791666666666666 0.04351851851851852
24 0.20598958333333334 0.5868055555555556 0.0067708333333333336 0.03287037037037037
24 0.18580729166666668 0.5824074074074074 0.00859375 0.024074074074074074
30 0.2875 0.5655092592592592 0.005208333333333333 0.018055555555555554
30 0.2984375 0.5715277777777777 0.019270833333333334 0.033796296296296297
30 0.310546875 0.5618055555555556 0.002864583333333333 0.013425925925925926
30 0.28606770833333334 0.5604166666666667 0.002864583333333333 0.011574074074074073
26 0.7716145833333333 0.5081018518518519 0.011979166666666667 0.055092592592592596
80 0.41888020833333334 0.3958333333333333 0.0013020833333333333 0.012037037037037037
65 0.6720052083333333 0.35162037037037036 0.007552083333333333 0.03564814814814815
92 0.289453125 0.3472222222222222 0.00859375 0.017592592592592594
128 0.37669270833333335 0.33055555555555555 0.00703125 0.041666666666666664
92 0.272265625 0.33935185185185185 0.00859375 0.018518518518518517
99 0.6930989583333333 0.225 0.01015625 0.022222222222222223
33 0.55859375 0.16273148148148148 0.011458333333333333 0.010648148148148148
28 0.63125 0.16805555555555557 0.004166666666666667 0.020370370370370372
61 0.4041666666666667 0.16967592592592592 0.0020833333333333333 0.02638888888888889
62 0.797265625 0.17314814814814813 0.00234375 0.025925925925925925
33 0.5270833333333333 0.1789351851851852 0.013541666666666667 0.02361111111111111
61 0.37916666666666665 0.1736111111111111 0.008333333333333333 0.03425925925925926
39 0.1859375 0.42662037037037037 0.019791666666666666 0.04212962962962963
43 0.5524739583333333 0.49189814814814814 0.01640625 0.03287037037037037
34 0.23216145833333332 0.4925925925925926 0.00546875 0.03518518518518519
127 0.4373697916666667 0.6168981481481481 0.006510416666666667 0.03287037037037037
127 0.401953125 0.6168981481481481 0.006510416666666667 0.033796296296296297
127 0.4234375 0.6173611111111111 0.00625 0.033796296296296297
98 0.6149739583333333 0.6152777777777778 0.00703125 0.03888888888888889
127 0.46015625 0.6180555555555556 0.00625 0.03333333333333333
119 0.55859375 0.6148148148148148 0.005729166666666666 0.041666666666666664
98 0.699609375 0.6162037037037037 0.006510416666666667 0.03981481481481482
98 0.6399739583333334 0.6162037037037037 0.006510416666666667 0.03981481481481482
119 0.5813802083333334 0.6150462962962963 0.00546875 0.04212962962962963
119 0.5217447916666667 0.6148148148148148 0.00546875 0.04259259259259259
119 0.5322916666666667 0.6224537037037037 0.007291666666666667 0.04212962962962963
119 0.516796875 0.6222222222222222 0.007552083333333333 0.04259259259259259
119 0.5087239583333333 0.6222222222222222 0.00703125 0.04259259259259259
119 0.49309895833333334 0.6222222222222222 0.00703125 0.04259259259259259
127 0.4666666666666667 0.6261574074074074 0.00625 0.034722222222222224
119 0.5481770833333334 0.6226851851851852 0.007291666666666667 0.04259259259259259
98 0.633984375 0.6247685185185186 0.008072916666666667 0.03935185185185185
98 0.608984375 0.624537037037037 0.005989583333333334 0.03981481481481482
119 0.5930989583333334 0.6233796296296297 0.007552083333333333 0.04212962962962963
119 0.5705729166666667 0.6231481481481481 0.0067708333333333336 0.04259259259259259
98 0.676171875 0.625 0.008072916666666667 0.03981481481481482
98 0.6591145833333333 0.6252314814814814 0.0078125 0.03935185185185185
98 0.7024739583333334 0.625462962962963 0.008072916666666667 0.03981481481481482
9 0.81328125 0.6136574074074074 0.014583333333333334 0.06527777777777778
119 0.5001302083333333 0.6134259259259259 0.006510416666666667 0.03981481481481482
30 0.33684895833333334 0.5893518518518519 0.01953125 0.04351851851851852
34 0.24231770833333333 0.5141203703703704 0.016927083333333332 0.033796296296296297
65 0.7108072916666667 0.35185185185185186 0.007552083333333333 0.03611111111111111
47 0.78515625 0.3363425925925926 0.008854166666666666 0.03194444444444444
128 0.385546875 0.33078703703703705 0.00703125 0.04212962962962963
47 0.8171875 0.32384259259259257 0.0171875 0.03657407407407407
47 0.7640625 0.3071759259259259 0.004166666666666667 0.004166666666666667
68 0.3079427083333333 0.2657407407407407 0.01171875 0.025925925925925925
47 0.773828125 0.24722222222222223 0.007552083333333333 0.03796296296296296
68 0.286328125 0.24375 0.01171875 0.020833333333333332
47 0.7634114583333333 0.2337962962962963 0.01796875 0.037037037037037035
18 0.3890625 0.21851851851851853 0.0026041666666666665 0.012962962962962963
33 0.577734375 0.16319444444444445 0.002864583333333333 0.010648148148148148
28 0.6485677083333333 0.16828703703703704 0.0049479166666666664 0.01990740740740741
61 0.4139322916666667 0.16944444444444445 0.0018229166666666667 0.025925925925925925
33 0.5436197916666666 0.17916666666666667 0.01328125 0.024074074074074074
34 0.25221354166666665 0.48217592592592595 0.006510416666666667 0.018055555555555554
34 0.164453125 0.4877314814814815 0.016927083333333332 0.031018518518518518
34 0.221875 0.48865740740740743 0.0171875 0.03194444444444444
34 0.2515625 0.49375 0.00625 0.03564814814814815
34 0.19427083333333334 0.49745370370370373 0.005729166666666666 0.02824074074074074
26 0.76796875 0.49537037037037035 0.00625 0.03611111111111111
10 0.70234375 0.49236111111111114 0.009375 0.020833333333333332
32 0.3971354166666667 0.4976851851851852 0.00625 0.046296296296296294
98 0.6740885416666667 0.6164351851851851 0.00703125 0.03935185185185185
98 0.6848958333333334 0.624537037037037 0.008333333333333333 0.03981481481481482
9 0.7520833333333333 0.6125 0.0140625 0.06574074074074074
9 0.7266927083333333 0.6127314814814815 0.013802083333333333 0.06527777777777778
9 0.7893229166666667 0.6131944444444445 0.014583333333333334 0.06527777777777778
9 0.74921875 0.600925925925926 0.011979166666666667 0.06481481481481481
9 0.7845052083333334 0.6 0.011197916666666667 0.06481481481481481
9 0.8104166666666667 0.6002314814814815 0.011458333333333333 0.06435185185185185
9 0.724609375 0.6 0.01328125 0.06388888888888888
30 0.32708333333333334 0.5990740740740741 0.005208333333333333 0.028703703703703703
98 0.6092447916666667 0.5953703703703703 0.00390625 0.016666666666666666
9 0.8130208333333333 0.5703703703703704 0.0109375 0.022222222222222223
9 0.7876302083333333 0.5701388888888889 0.011197916666666667 0.02175925925925926
9 0.7505208333333333 0.5694444444444444 0.011458333333333333 0.021296296296296296
30 0.33125 0.5641203703703703 0.005208333333333333 0.01712962962962963
32 0.44947916666666665 0.5043981481481481 0.0109375 0.0587962962962963
34 0.18502604166666667 0.5136574074074074 0.016927083333333332 0.033796296296296297
106 0.27005208333333336 0.5106481481481482 0.0140625 0.03888888888888889
39 0.20481770833333332 0.4025462962962963 0.019010416666666665 0.02824074074074074
80 0.45546875 0.3923611111111111 0.0010416666666666667 0.004166666666666667
47 0.7928385416666667 0.35 0.016927083333333332 0.03611111111111111
92 0.27903645833333335 0.35625 0.00859375 0.01898148148148148
65 0.6182291666666667 0.34421296296296294 0.0067708333333333336 0.034722222222222224
34 0.5470052083333333 0.25925925925925924 0.018489583333333334 0.03796296296296296
6 0.178125 0.24050925925925926 0.013541666666666667 0.050462962962962966
34 0.53671875 0.24328703703703702 0.004166666666666667 0.03194444444444444
47 0.7346354166666667 0.22569444444444445 0.00625 0.02175925925925926
6 0.20286458333333332 0.21898148148148147 0.0046875 0.01574074074074074
6 0.1875 0.21898148148148147 0.003125 0.014814814814814815
33 0.5884114583333333 0.15856481481481483 0.011197916666666667 0.001388888888888889
28 0.666015625 0.16898148148148148 0.00703125 0.020370370370370372
61 0.42630208333333336 0.16018518518518518 0.0078125 0.006481481481481481
62 0.74296875 0.1761574074074074 0.0109375 0.033796296296296297
33 0.5591145833333333 0.17962962962962964 0.013020833333333334 0.024074074074074074
21 0.70234375 0.4152777777777778 0.014583333333333334 0.041666666666666664
24 0.8213541666666667 0.425 0.013020833333333334 0.06018518518518518
34 0.173828125 0.4787037037037037 0.00390625 0.012037037037037037
32 0.4453125 0.48009259259259257 0.0026041666666666665 0.010185185185185186
106 0.34739583333333335 0.47800925925925924 0.0020833333333333333 0.00787037037037037
106 0.313671875 0.47939814814814813 0.002864583333333333 0.011574074074074073
32 0.41302083333333334 0.48055555555555557 0.0020833333333333333 0.012037037037037037
32 0.42265625 0.48194444444444445 0.0036458333333333334 0.014814814814814815
32 0.3865885416666667 0.48333333333333334 0.002864583333333333 0.017592592592592594
106 0.3067708333333333 0.4844907407407407 0.011458333333333333 0.02175925925925926
106 0.27591145833333336 0.4861111111111111 0.011197916666666667 0.025925925925925925
106 0.35651041666666666 0.4875 0.011458333333333333 0.026851851851851852
43 0.561328125 0.49236111111111114 0.004427083333333333 0.022685185185185187
106 0.32174479166666664 0.49675925925925923 0.013802083333333333 0.03796296296296296
32 0.38424479166666664 0.49722222222222223 0.006510416666666667 0.046296296296296294
32 0.42018229166666665 0.4979166666666667 0.00546875 0.04675925925925926
32 0.455078125 0.4983796296296296 0.005989583333333334 0.04675925925925926
119 0.5559895833333334 0.6229166666666667 0.007291666666666667 0.04212962962962963
10 0.680859375 0.5136574074074074 0.01015625 0.043055555555555555
32 0.46119791666666665 0.5048611111111111 0.010416666666666666 0.059722222222222225
32 0.426953125 0.5043981481481481 0.010677083333333334 0.059722222222222225
43 0.5546875 0.5159722222222223 0.016145833333333335 0.034722222222222224
32 0.3921875 0.5037037037037037 0.0109375 0.058333333333333334
43 0.498828125 0.5168981481481482 0.015885416666666666 0.03194444444444444
106 0.3341145833333333 0.5118055555555555 0.0140625 0.038425925925925926
21 0.6768229166666667 0.40208333333333335 0.011979166666666667 0.020833333333333332
39 0.197265625 0.40185185185185185 0.0013020833333333333 0.008333333333333333
24 0.7704427083333333 0.3939814814814815 0.0013020833333333333 0.001851851851851852
47 0.737109375 0.3509259259259259 0.016927083333333332 0.03518518518518519
128 0.43658854166666666 0.34629629629629627 0.007552083333333333 0.04259259259259259
128 0.4015625 0.3458333333333333 0.0078125 0.04259259259259259
92 0.3196614583333333 0.355787037037037 0.00859375 0.01898148148148148
65 0.657421875 0.3400462962962963 0.006510416666666667 0.02638888888888889
47 0.8059895833333334 0.2625 0.017708333333333333 0.037037037037037035
68 0.32174479166666664 0.2650462962962963 0.012239583333333333 0.02546296296296296
6 0.228515625 0.23287037037037037 0.014322916666666666 0.04351851851851852
68 0.334375 0.24212962962962964 0.011458333333333333 0.019444444444444445
28 0.683984375 0.16875 0.007552083333333333 0.01990740740740741
61 0.43580729166666665 0.16944444444444445 0.008072916666666667 0.025
62 0.8291666666666667 0.17222222222222222 0.0020833333333333333 0.024074074074074074
62 0.7553385416666667 0.1763888888888889 0.011197916666666667 0.03425925925925926
33 0.5729166666666666 0.18009259259259258 0.013020833333333334 0.024074074074074074
12 0.5127604166666667 0.40902777777777777 0.0005208333333333333 0.03657407407407407
24 0.7783854166666667 0.41805555555555557 0.008333333333333333 0.05
43 0.5055989583333333 0.4761574074074074 0.00078125 0.001388888888888889
43 0.5419270833333333 0.4826388888888889 0.0036458333333333334 0.014351851851851852
10 0.630859375 0.4849537037037037 0.009114583333333334 0.01712962962962963
43 0.5891927083333334 0.49189814814814814 0.01640625 0.03194444444444444
43 0.4986979166666667 0.4914351851851852 0.016145833333333335 0.03287037037037037
43 0.5341145833333333 0.49189814814814814 0.016145833333333335 0.03287037037037037
10 0.6635416666666667 0.49537037037037035 0.009375 0.03796296296296296
10 0.6858072916666667 0.49583333333333335 0.009114583333333334 0.03796296296296296
10 0.6802083333333333 0.5016203703703703 0.010416666666666666 0.03935185185185185
10 0.6479166666666667 0.49398148148148147 0.009375 0.024074074074074074
26 0.7953125 0.4997685185185185 0.011979166666666667 0.04398148148148148
26 0.7365885416666667 0.49953703703703706 0.01171875 0.044444444444444446
10 0.6276041666666666 0.5018518518518519 0.009375 0.040740740740740744
98 0.623828125 0.6150462962962963 0.00703125 0.03935185185185185
24 0.18046875 0.6150462962962963 0.0109375 0.04861111111111111
24 0.166015625 0.5805555555555556 0.008072916666666667 0.022222222222222223
30 0.3419270833333333 0.5719907407407407 0.019270833333333334 0.033796296296296297
26 0.748046875 0.5087962962962963 0.01171875 0.05555555555555555
26 0.8063802083333333 0.5090277777777777 0.012239583333333333 0.055092592592592596
26 0.7841145833333333 0.5083333333333333 0.011979166666666667 0.05555555555555555
10 0.619140625 0.5136574074074074 0.01015625 0.043055555555555555
10 0.6388020833333333 0.5136574074074074 0.009895833333333333 0.043055555555555555
10 0.6483072916666667 0.513425925925926 0.01015625 0.04351851851851852
10 0.7010416666666667 0.5136574074074074 0.010416666666666666 0.043055555555555555
10 0.6701822916666667 0.5131944444444444 0.010677083333333334 0.043055555555555555
43 0.32473958333333336 0.3990740740740741 0.0026041666666666665 0.019444444444444445
71 0.18828125 0.33564814814814814 0.013020833333333334 0.058333333333333334
65 0.6907552083333334 0.34467592592592594 0.00546875 0.03564814814814815
128 0.4549479166666667 0.3384259259259259 0.007291666666666667 0.041666666666666664
47 0.7397135416666667 0.3229166666666667 0.016927083333333332 0.03564814814814815
6 0.2078125 0.25092592592592594 0.014583333333333334 0.05277777777777778
68 0.25885416666666666 0.25462962962962965 0.011458333333333333 0.025
68 0.2740885416666667 0.2439814814814815 0.01171875 0.020370370370370372
99 0.6509114583333333 0.22592592592592592 0.008072916666666667 0.024074074074074074
62 0.7341145833333333 0.16805555555555557 0.003125 0.017592592592592594
28 0.7018229166666666 0.16898148148148148 0.0067708333333333336 0.020370370370370372
61 0.44817708333333334 0.16944444444444445 0.0020833333333333333 0.025
62 0.767578125 0.1763888888888889 0.011197916666666667 0.03425925925925926
33 0.587109375 0.1798611111111111 0.01328125 0.02361111111111111
39 0.17174479166666667 0.40949074074074077 0.007552083333333333 0.03287037037037037
39 0.24192708333333332 0.4078703703703704 0.00625 0.03796296296296296
43 0.27838541666666666 0.41041666666666665 0.005729166666666666 0.033796296296296297
80 0.4625 0.4150462962962963 0.015625 0.033796296296296297
39 0.207421875 0.42800925925925926 0.020052083333333335 0.0412037037037037
43 0.29205729166666666 0.42916666666666664 0.019010416666666665 0.040740740740740744
80 0.4401041666666667 0.43125 0.0171875 0.0375
80 0.40143229166666666 0.43171296296296297 0.017447916666666667 0.0375
10 0.6115885416666667 0.48217592592592595 0.0033854166666666668 0.011574074074074073
10 0.6412760416666666 0.4858796296296296 0.009114583333333334 0.01898148148148148
43 0.5065104166666666 0.4930555555555556 0.0026041666666666665 0.018518518518518517
26 0.8072916666666666 0.4898148148148148 0.011458333333333333 0.024074074074074074
26 0.7442708333333333 0.4946759259259259 0.005208333333333333 0.034722222222222224
106 0.28958333333333336 0.49583333333333335 0.0140625 0.03796296296296296
127 0.41653645833333336 0.6180555555555556 0.005989583333333334 0.03425925925925926
119 0.5735677083333334 0.6155092592592593 0.00546875 0.04212962962962963
127 0.45221354166666666 0.6256944444444444 0.006510416666666667 0.034722222222222224
24 0.222265625 0.6037037037037037 0.010677083333333334 0.04537037037037037
43 0.3528645833333333 0.4041666666666667 0.015104166666666667 0.02962962962962963
43 0.2884114583333333 0.40370370370370373 0.018489583333333334 0.028703703703703703
39 0.15872395833333333 0.4025462962962963 0.01953125 0.02824074074074074
39 0.22981770833333334 0.4025462962962963 0.018489583333333334 0.027314814814814816
43 0.303515625 0.3990740740740741 0.00234375 0.019444444444444445
39 0.22096354166666668 0.39791666666666664 0.00234375 0.018055555555555554
43 0.32200520833333335 0.3939814814814815 0.002864583333333333 0.009259259259259259
39 0.19375 0.3925925925925926 0.005729166666666666 0.008333333333333333
92 0.35598958333333336 0.35671296296296295 0.005729166666666666 0.01898148148148148
71 0.21901041666666668 0.32731481481481484 0.008333333333333333 0.05185185185185185
65 0.6139322916666666 0.33287037037037037 0.00078125 0.002777777777777778
99 0.6856770833333333 0.2550925925925926 0.0109375 0.05277777777777778
99 0.66953125 0.24537037037037038 0.008854166666666666 0.05185185185185185
33 0.52265625 0.15763888888888888 0.0005208333333333333 0.000462962962962963
33 0.496875 0.16342592592592592 0.013020833333333334 0.012962962962962963
61 0.45703125 0.16944444444444445 0.0020833333333333333 0.025
62 0.7799479166666666 0.17662037037037037 0.011458333333333333 0.033796296296296297
61 0.41796875 0.1738425925925926 0.008333333333333333 0.034722222222222224
80 0.38307291666666665 0.40555555555555556 0.0171875 0.032407407407407406
80 0.4466145833333333 0.40717592592592594 0.017708333333333333 0.033796296296296297
12 0.5006510416666666 0.4115740740740741 0.00026041666666666666 0.032407407407407406
43 0.32317708333333334 0.40949074074074077 0.005208333333333333 0.03657407407407407
24 0.7276041666666667 0.41064814814814815 0.011979166666666667 0.03611111111111111
12 0.5377604166666666 0.4099537037037037 0.0010416666666666667 0.038425925925925926
12 0.5630208333333333 0.41064814814814815 0.0026041666666666665 0.03888888888888889
80 0.423046875 0.41388888888888886 0.015885416666666666 0.03518518518518519
21 0.669140625 0.41435185185185186 0.01484375 0.041666666666666664
12 0.5364583333333334 0.41574074074074074 0.0015625 0.05
21 0.6631510416666667 0.4305555555555556 0.01484375 0.04259259259259259
21 0.6322916666666667 0.4305555555555556 0.015104166666666667 0.04259259259259259
12 0.543359375 0.4215277777777778 0.011197916666666667 0.06157407407407407
21 0.67890625 0.43148148148148147 0.015104166666666667 0.04259259259259259
12 0.5072916666666667 0.4217592592592593 0.0109375 0.062037037037037036
12 0.580859375 0.4224537037037037 0.01171875 0.0625
43 0.5786458333333333 0.47708333333333336 0.0005208333333333333 0.0023148148148148147
32 0.39921875 0.47939814814814813 0.0020833333333333333 0.009722222222222222
34 0.21302083333333333 0.49722222222222223 0.0046875 0.026851851851851852
119 0.5361979166666667 0.6155092592592593 0.005208333333333333 0.04212962962962963
127 0.3860677083333333 0.6247685185185186 0.006510416666666667 0.034722222222222224
43 0.31197916666666664 0.40347222222222223 0.01875 0.029166666666666667
12 0.5009114583333333 0.4039351851851852 0.00078125 0.02638888888888889
80 0.4354166666666667 0.39328703703703705 0.0010416666666666667 0.006944444444444444
80 0.394921875 0.39305555555555555 0.0018229166666666667 0.006481481481481481
80 0.4388020833333333 0.3909722222222222 0.0005208333333333333 0.001388888888888889
47 0.8131510416666666 0.35138888888888886 0.016927083333333332 0.03611111111111111
65 0.6259114583333333 0.3439814814814815 0.006510416666666667 0.03518518518518519
71 0.153515625 0.32708333333333334 0.009635416666666667 0.05138888888888889
92 0.31354166666666666 0.33935185185185185 0.008333333333333333 0.018518518518518517
71 0.19934895833333333 0.3039351851851852 0.004427083333333333 0.005092592592592593
99 0.6571614583333333 0.24537037037037038 0.00859375 0.05185185185185185
34 0.50078125 0.22962962962962963 0.01875 0.03425925925925926
18 0.423828125 0.22824074074074074 0.020052083333333335 0.032407407407407406
34 0.5786458333333333 0.22083333333333333 0.0015625 0.014814814814814815
33 0.5380208333333333 0.15763888888888888 0.0005208333333333333 0.000462962962962963
33 0.5130208333333334 0.1675925925925926 0.013020833333333334 0.020370370370370372
61 0.46653645833333335 0.1699074074074074 0.00234375 0.025925925925925925
62 0.7919270833333333 0.17731481481481481 0.011458333333333333 0.03425925925925926
16 0.3372395833333333 0.1587962962962963 0.0005208333333333333 0.004629629629629629
61 0.46263020833333335 0.17407407407407408 0.008072916666666667 0.03425925925925926
24 0.739453125 0.41759259259259257 0.009114583333333334 0.049074074074074076
24 0.80078125 0.41805555555555557 0.0109375 0.049074074074074076
24 0.765234375 0.418287037037037 0.00859375 0.050462962962962966
43 0.313671875 0.4289351851851852 0.01953125 0.03935185185185185
24 0.7430989583333333 0.4238425925925926 0.012239583333333333 0.059722222222222225
24 0.7845052083333334 0.42430555555555555 0.012760416666666666 0.059722222222222225
24 0.8091145833333333 0.425462962962963 0.013020833333333334 0.06018518518518518
32 0.458203125 0.4789351851851852 0.002864583333333333 0.00787037037037037
106 0.29778645833333334 0.47939814814814813 0.00234375 0.011574074074074073
26 0.7608072916666667 0.49930555555555556 0.010677083333333334 0.04398148148148148
26 0.7247395833333333 0.4997685185185185 0.011458333333333333 0.04490740740740741
127 0.37942708333333336 0.6168981481481481 0.00625 0.033796296296296297
119 0.5661458333333333 0.6155092592592593 0.005208333333333333 0.04212962962962963
30 0.31888020833333336 0.6185185185185185 0.01953125 0.041666666666666664
9 0.7171875 0.5814814814814815 0.0036458333333333334 0.046296296296296294
30 0.33151041666666664 0.5564814814814815 0.003125 0.002777777777777778
26 0.8178385416666667 0.5087962962962963 0.012239583333333333 0.05555555555555555
21 0.627734375 0.4050925925925926 0.01171875 0.026851851851851852
24 0.8016927083333333 0.3993055555555556 0.011197916666666667 0.011574074074074073
24 0.741015625 0.39699074074074076 0.010677083333333334 0.00787037037037037
43 0.29986979166666666 0.3939814814814815 0.0049479166666666664 0.009259259259259259
24 0.764453125 0.39537037037037037 0.010677083333333334 0.004629629629629629
21 0.7005208333333334 0.39467592592592593 0.00625 0.004166666666666667
21 0.6677083333333333 0.39328703703703705 0.003125 0.0032407407407407406
21 0.6510416666666666 0.39282407407407405 0.003125 0.0023148148148148147
24 0.7587239583333333 0.39351851851851855 0.00078125 0.000925925925925926
65 0.703125 0.35162037037037036 0.0078125 0.03564814814814815
71 0.17591145833333333 0.3363425925925926 0.01328125 0.05787037037037037
71 0.215234375 0.33564814814814814 0.012760416666666666 0.058333333333333334
71 0.15026041666666667 0.33541666666666664 0.013020833333333334 0.05787037037037037
71 0.23294270833333333 0.3277777777777778 0.010677083333333334 0.05277777777777778
71 0.19244791666666666 0.32731481481481484 0.008854166666666666 0.05277777777777778
71 0.16705729166666666 0.32731481481481484 0.00859375 0.05185185185185185
128 0.42239583333333336 0.33125 0.00625 0.04212962962962963
71 0.20598958333333334 0.30995370370370373 0.009895833333333333 0.01712962962962963
18 0.37890625 0.25787037037037036 0.019791666666666666 0.041666666666666664
18 0.38424479166666664 0.24074074074074073 0.012239583333333333 0.03888888888888889
33 0.5524739583333333 0.15787037037037038 0.00078125 0.000925925925925926
28 0.645703125 0.16180555555555556 0.00078125 0.006944444444444444
61 0.47239583333333335 0.15902777777777777 0.0078125 0.004166666666666667
33 0.5287760416666667 0.16828703703703704 0.01328125 0.02175925925925926
62 0.802734375 0.17754629629629629 0.01171875 0.034722222222222224
29 0.19518229166666667 0.16342592592592592 0.00234375 0.014814814814814815
43 0.3444010416666667 0.4081018518518518 0.0049479166666666664 0.0375
80 0.391796875 0.4136574074074074 0.00390625 0.033796296296296297
34 0.193359375 0.4791666666666667 0.004427083333333333 0.012962962962962963
127 0.4451822916666667 0.6171296296296296 0.006510416666666667 0.03333333333333333
98 0.6165364583333334 0.624537037037037 0.007552083333333333 0.03981481481481482
9 0.7720052083333333 0.600925925925926 0.011197916666666667 0.06481481481481481
9 0.723046875 0.5886574074074075 0.01328125 0.060648148148148145
30 0.35520833333333335 0.5643518518518519 0.005208333333333333 0.018518518518518517
43 0.5350260416666667 0.5155092592592593 0.015885416666666666 0.033796296296296297
39 0.18177083333333333 0.4025462962962963 0.019270833333333334 0.02824074074074074
21 0.660546875 0.4039351851851852 0.01171875 0.024537037037037038
128 0.47174479166666666 0.34652777777777777 0.007552083333333333 0.043055555555555555
128 0.428515625 0.3460648148148148 0.007552083333333333 0.043055555555555555
128 0.45403645833333334 0.34629629629629627 0.007552083333333333 0.04259259259259259
128 0.38307291666666665 0.3456018518518518 0.0078125 0.04212962962962963
92 0.33841145833333336 0.35671296296296295 0.00859375 0.01898148148148148
92 0.2884114583333333 0.35625 0.00859375 0.01898148148148148
92 0.3092447916666667 0.35625 0.00859375 0.01898148148148148
92 0.258984375 0.35532407407407407 0.00859375 0.01898148148148148
128 0.41901041666666666 0.33796296296296297 0.007291666666666667 0.041666666666666664
128 0.463671875 0.33819444444444446 0.007552083333333333 0.0412037037037037
128 0.391796875 0.33796296296296297 0.007552083333333333 0.040740740740740744
92 0.3279947916666667 0.3474537037037037 0.00859375 0.01712962962962963
128 0.43658854166666666 0.33611111111111114 0.007552083333333333 0.037037037037037035
92 0.2596354166666667 0.3472222222222222 0.008333333333333333 0.017592592592592594
92 0.27981770833333336 0.34675925925925927 0.00859375 0.017592592592592594
128 0.4041666666666667 0.33078703703703705 0.00625 0.04212962962962963
92 0.303125 0.33935185185185185 0.008333333333333333 0.018518518518518517
92 0.30833333333333335 0.3435185185185185 0.008333333333333333 0.010185185185185186
92 0.3555989583333333 0.3435185185185185 0.00546875 0.010185185185185186
92 0.28229166666666666 0.3388888888888889 0.008333333333333333 0.018518518518518517
71 0.16067708333333333 0.30439814814814814 0.0046875 0.0060185185185185185
47 0.8264322916666667 0.2625 0.01796875 0.037037037037037035
33 0.5661458333333333 0.15763888888888888 0.0005208333333333333 0.000462962962962963
33 0.543359375 0.16342592592592592 0.012760416666666666 0.012037037037037037
61 0.375 0.16643518518518519 0.0010416666666666667 0.01990740740740741
62 0.8131510416666666 0.17754629629629629 0.01171875 0.034722222222222224
29 0.17408854166666668 0.16365740740740742 0.002864583333333333 0.015277777777777777
80 0.42669270833333334 0.4060185185185185 0.016927083333333332 0.032407407407407406
32 0.40130208333333334 0.47824074074074074 0.0005208333333333333 0.007407407407407408
106 0.323828125 0.48518518518518516 0.011197916666666667 0.023148148148148147
34 0.203125 0.48819444444444443 0.0171875 0.031018518518518518
10 0.6522135416666667 0.4951388888888889 0.009114583333333334 0.0375
98 0.6940104166666666 0.6247685185185186 0.008333333333333333 0.04027777777777778
9 0.7752604166666667 0.569675925925926 0.0109375 0.02175925925925926
21 0.6321614583333334 0.4025462962962963 0.01484375 0.020833333333333332
39 0.21666666666666667 0.39282407407407405 0.005208333333333333 0.00787037037037037
65 0.62734375 0.35138888888888886 0.007291666666666667 0.03611111111111111
65 0.65078125 0.35162037037037036 0.007291666666666667 0.03564814814814815
65 0.6649739583333333 0.35162037037037036 0.007552083333333333 0.03564814814814815
65 0.687109375 0.3511574074074074 0.007552083333333333 0.03564814814814815
47 0.755078125 0.3509259259259259 0.016927083333333332 0.03611111111111111
66 0.5657552083333334 0.3506944444444444 0.00703125 0.03564814814814815
66 0.5811197916666667 0.3506944444444444 0.00703125 0.03564814814814815
65 0.64296875 0.3506944444444444 0.007291666666666667 0.03564814814814815
66 0.5423177083333334 0.3502314814814815 0.00703125 0.03564814814814815
66 0.5013020833333334 0.34953703703703703 0.0067708333333333336 0.03611111111111111
65 0.698828125 0.3449074074074074 0.00546875 0.03518518518518519
65 0.7143229166666667 0.34050925925925923 0.005208333333333333 0.02638888888888889
65 0.6334635416666666 0.34421296296296294 0.006510416666666667 0.034722222222222224
65 0.649609375 0.34421296296296294 0.006510416666666667 0.034722222222222224
65 0.6740885416666667 0.33958333333333335 0.00546875 0.02546296296296296
66 0.5658854166666667 0.3375 0.0067708333333333336 0.023148148148148147
66 0.58125 0.3372685185185185 0.0067708333333333336 0.022685185185185187
128 0.4459635416666667 0.33773148148148147 0.007552083333333333 0.0412037037037037
66 0.5263020833333333 0.3418981481481482 0.0067708333333333336 0.03287037037037037
92 0.33736979166666664 0.3439814814814815 0.00859375 0.010185185185185186
66 0.5427083333333333 0.3398148148148148 0.0067708333333333336 0.027777777777777776
47 0.7489583333333333 0.33611111111111114 0.005208333333333333 0.027777777777777776
66 0.5013020833333334 0.33611111111111114 0.0067708333333333336 0.021296296296296296
65 0.6140625 0.33564814814814814 0.0010416666666666667 0.014814814814814815
18 0.468359375 0.2585648148148148 0.020052083333333335 0.0412037037037037
6 0.14401041666666667 0.2523148148148148 0.015104166666666667 0.05277777777777778
18 0.45755208333333336 0.23819444444444443 0.0036458333333333334 0.04398148148148148
47 0.8240885416666667 0.23402777777777778 0.01796875 0.03657407407407407
47 0.7739583333333333 0.22199074074074074 0.008854166666666666 0.013425925925925926
61 0.38385416666666666 0.16574074074074074 0.0010416666666666667 0.018518518518518517
33 0.55703125 0.16875 0.013020833333333334 0.022685185185185187
28 0.6223958333333334 0.17407407407407408 0.0109375 0.032407407407407406
62 0.8235677083333334 0.17754629629629629 0.01171875 0.034722222222222224
16 0.26458333333333334 0.15694444444444444 0.0005208333333333333 0.001851851851851852
61 0.39231770833333335 0.16921296296296295 0.00234375 0.02546296296296296
39 0.194140625 0.40879629629629627 0.005989583333333334 0.030555555555555555
80 0.38255208333333335 0.4321759259259259 0.0171875 0.03564814814814815
98 0.691015625 0.6166666666666667 0.006510416666666667 0.03981481481481482
24 0.19166666666666668 0.6148148148148148 0.0109375 0.049074074074074076
24 0.232421875 0.6157407407407407 0.010677083333333334 0.049074074074074076
127 0.393359375 0.6252314814814814 0.006510416666666667 0.034722222222222224
119 0.5247395833333334 0.6226851851851852 0.0067708333333333336 0.04259259259259259
10 0.62890625 0.512962962962963 0.009895833333333333 0.04351851851851852
106 0.30221354166666664 0.5115740740740741 0.013802083333333333 0.03888888888888889
34 0.22408854166666667 0.5127314814814815 0.016927083333333332 0.034722222222222224
66 0.5260416666666666 0.350462962962963 0.0067708333333333336 0.03611111111111111
128 0.4453125 0.3460648148148148 0.0078125 0.043055555555555555
66 0.5579427083333334 0.3423611111111111 0.00703125 0.033796296296296297
47 0.7774739583333333 0.3236111111111111 0.016927083333333332 0.03611111111111111
47 0.8248697916666666 0.32199074074074074 0.01015625 0.03194444444444444
47 0.7255208333333333 0.32037037037037036 0.0046875 0.030555555555555555
47 0.73125 0.31550925925925927 0.007291666666666667 0.020833333333333332
47 0.76953125 0.31504629629629627 0.007291666666666667 0.01898148148148148
47 0.7623697916666666 0.305787037037037 0.0013020833333333333 0.001388888888888889
47 0.8122395833333333 0.30625 0.0020833333333333333 0.000462962962962963
68 0.26848958333333334 0.2652777777777778 0.011979166666666667 0.025925925925925925
68 0.294921875 0.2655092592592593 0.01171875 0.02546296296296296
6 0.16015625 0.2513888888888889 0.015625 0.05277777777777778
6 0.19088541666666667 0.2516203703703704 0.014583333333333334 0.052314814814814814
68 0.336328125 0.2650462962962963 0.01171875 0.02546296296296296
68 0.2721354166666667 0.2550925925925926 0.011458333333333333 0.025
68 0.2989583333333333 0.2550925925925926 0.011458333333333333 0.025
47 0.7938802083333333 0.24768518518518517 0.00859375 0.03796296296296296
6 0.14765625 0.24027777777777778 0.0125 0.05185185185185185
6 0.19427083333333334 0.24027777777777778 0.014583333333333334 0.05092592592592592
6 0.22643229166666667 0.23958333333333334 0.014322916666666666 0.04953703703703704
47 0.743359375 0.23333333333333334 0.01796875 0.037037037037037035
6 0.18046875 0.2224537037037037 0.0125 0.02175925925925926
6 0.21901041666666668 0.2196759259259259 0.005208333333333333 0.01712962962962963
6 0.17239583333333333 0.21851851851851853 0.004166666666666667 0.013888888888888888
47 0.74921875 0.21550925925925926 0.0020833333333333333 0.001388888888888889
33 0.5716145833333334 0.16805555555555557 0.013020833333333334 0.020370370370370372
28 0.6390625 0.17430555555555555 0.013020833333333334 0.03287037037037037
62 0.834765625 0.17731481481481481 0.01171875 0.03425925925925926
61 0.453515625 0.17407407407407408 0.008072916666666667 0.03425925925925926
21 0.616015625 0.40578703703703706 0.009114583333333334 0.029166666666666667
12 0.5510416666666667 0.4148148148148148 0.0010416666666666667 0.04814814814814815
106 0.35299479166666664 0.49537037037037035 0.013802083333333333 0.037037037037037035
10 0.6177083333333333 0.5020833333333333 0.009375 0.04027777777777778
127 0.47421875 0.6081018518518518 0.00625 0.014351851851851852
98 0.6513020833333333 0.625 0.0078125 0.03981481481481482
43 0.51640625 0.5180555555555556 0.016145833333333335 0.032407407407407406
24 0.7764322916666667 0.3960648148148148 0.010677083333333334 0.0060185185185185185
66 0.5177083333333333 0.3425925925925926 0.007291666666666667 0.03425925925925926
47 0.788671875 0.31550925925925927 0.008072916666666667 0.01990740740740741
71 0.18619791666666666 0.3039351851851852 0.004166666666666667 0.0060185185185185185
68 0.25559895833333335 0.2659722222222222 0.012239583333333333 0.02546296296296296
18 0.40065104166666665 0.25810185185185186 0.021614583333333333 0.0412037037037037
18 0.4466145833333333 0.25763888888888886 0.020833333333333332 0.04212962962962963
34 0.523828125 0.2585648148148148 0.019010416666666665 0.038425925925925926
68 0.34921875 0.2537037037037037 0.011458333333333333 0.022222222222222223
18 0.4348958333333333 0.2412037037037037 0.004166666666666667 0.04351851851851852
34 0.56640625 0.24305555555555555 0.01875 0.03425925925925926
68 0.34713541666666664 0.24583333333333332 0.011458333333333333 0.024074074074074074
34 0.5010416666666667 0.24097222222222223 0.018229166666666668 0.03009259259259259
68 0.3098958333333333 0.24328703703703702 0.011458333333333333 0.01990740740740741
6 0.21171875 0.2310185185185185 0.013541666666666667 0.03981481481481482
34 0.5661458333333333 0.23078703703703704 0.019270833333333334 0.03564814814814815
68 0.2755208333333333 0.23449074074074075 0.011458333333333333 0.02175925925925926
18 0.46770833333333334 0.22870370370370371 0.0203125 0.032407407407407406
18 0.41106770833333334 0.23912037037037037 0.0013020833333333333 0.00787037037037037
68 0.312109375 0.2326388888888889 0.011197916666666667 0.01990740740740741
18 0.47890625 0.22199074074074074 0.0020833333333333333 0.01898148148148148
6 0.150390625 0.21944444444444444 0.012239583333333333 0.016666666666666666
34 0.5751302083333333 0.2150462962962963 0.0018229166666666667 0.004166666666666667
18 0.43463541666666666 0.21666666666666667 0.0020833333333333333 0.009259259259259259
34 0.5102864583333333 0.21481481481481482 0.00078125 0.003703703703703704
18 0.45651041666666664 0.21435185185185185 0.0020833333333333333 0.003703703703703704
28 0.718359375 0.16319444444444445 0.002864583333333333 0.00787037037037037
33 0.58828125 0.16550925925925927 0.013020833333333334 0.015277777777777777
61 0.40208333333333335 0.16550925925925927 0.0005208333333333333 0.018055555555555554
62 0.7364583333333333 0.17175925925925925 0.003125 0.025
28 0.6572916666666667 0.17430555555555555 0.0125 0.03194444444444444
29 0.14244791666666667 0.17175925925925925 0.015104166666666667 0.030555555555555555
26 0.7822916666666667 0.4951388888888889 0.0109375 0.034722222222222224
43 0.5251302083333333 0.4979166666666667 0.00390625 0.031018518518518518
10 0.658203125 0.5013888888888889 0.01015625 0.03888888888888889
30 0.35325520833333335 0.5740740740740741 0.00546875 0.03796296296296296
24 0.17604166666666668 0.5810185185185185 0.0078125 0.021296296296296296
80 0.473828125 0.40162037037037035 0.0018229166666666667 0.022685185185185187
21 0.620703125 0.40208333333333335 0.0013020833333333333 0.008796296296296297
24 0.7346354166666667 0.3990740740740741 0.0020833333333333333 0.012037037037037037
66 0.5895833333333333 0.3506944444444444 0.007291666666666667 0.03564814814814815
128 0.37552083333333336 0.33819444444444446 0.007291666666666667 0.0412037037037037
71 0.20598958333333334 0.3275462962962963 0.008854166666666666 0.052314814814814814
92 0.2986979166666667 0.34305555555555556 0.008854166666666666 0.008333333333333333
99 0.7076822916666666 0.25625 0.011197916666666667 0.052314814814814814
99 0.6177083333333333 0.2548611111111111 0.005729166666666666 0.052314814814814814
99 0.6486979166666667 0.25462962962962965 0.0109375 0.05277777777777778
99 0.6734375 0.25439814814814815 0.0109375 0.052314814814814814
47 0.7643229166666666 0.2625 0.017708333333333333 0.03611111111111111
99 0.7041666666666667 0.24675925925925926 0.008333333333333333 0.05185185185185185
99 0.6453125 0.24560185185185185 0.008333333333333333 0.05138888888888889
99 0.68203125 0.24560185185185185 0.008854166666666666 0.05138888888888889
99 0.6248697916666667 0.24537037037037038 0.01015625 0.05092592592592592
68 0.325 0.25555555555555554 0.011458333333333333 0.025
47 0.753125 0.2502314814814815 0.00625 0.03194444444444444
47 0.81328125 0.24675925925925926 0.008333333333333333 0.037037037037037035
47 0.7830729166666667 0.2337962962962963 0.018229166666666668 0.03796296296296296
99 0.68203125 0.22615740740740742 0.009895833333333333 0.024537037037037038
99 0.6268229166666667 0.22546296296296298 0.009895833333333333 0.024074074074074074
99 0.66171875 0.2247685185185185 0.0078125 0.02175925925925926
47 0.8141927083333333 0.22291666666666668 0.00703125 0.014351851851851852
34 0.536328125 0.2212962962962963 0.0033854166666666668 0.016666666666666666
47 0.8104166666666667 0.2175925925925926 0.005208333333333333 0.002777777777777778
47 0.7688802083333334 0.21574074074074073 0.002864583333333333 0.000925925925925926
61 0.41119791666666666 0.1571759259259259 0.0005208333333333333 0.001388888888888889
33 0.49713541666666666 0.15810185185185185 0.011458333333333333 0.0023148148148148147
62 0.7490885416666667 0.17199074074074075 0.0033854166666666668 0.02546296296296296
28 0.67578125 0.17476851851851852 0.013020833333333334 0.03194444444444444
29 0.23736979166666666 0.16412037037037036 0.0049479166666666664 0.016203703703703703
16 0.30169270833333334 0.16620370370370371 0.0013020833333333333 0.019444444444444445
61 0.37057291666666664 0.16921296296296295 0.008333333333333333 0.02546296296296296
29 0.22760416666666666 0.17175925925925925 0.015104166666666667 0.030555555555555555
61 0.4083333333333333 0.1736111111111111 0.008333333333333333 0.03425925925925926
61 0.3885416666666667 0.1736111111111111 0.008333333333333333 0.03425925925925926
16 0.345703125 0.17337962962962963 0.016927083333333332 0.034722222222222224
16 0.25625 0.17337962962962963 0.018229166666666668 0.034722222222222224
61 0.4354166666666667 0.17407407407407408 0.008333333333333333 0.03425925925925926
16 0.310546875 0.1738425925925926 0.016927083333333332 0.034722222222222224
12 0.5751302083333333 0.4111111111111111 0.0018229166666666667 0.03981481481481482
12 0.569140625 0.4224537037037037 0.01171875 0.0625
43 0.5236979166666667 0.47708333333333336 0.0015625 0.0032407407407407406
106 0.362109375 0.480787037037037 0.00078125 0.010648148148148148
32 0.4109375 0.48148148148148145 0.0020833333333333333 0.013888888888888888
106 0.2733072916666667 0.4949074074074074 0.013802083333333333 0.03796296296296296
119 0.5072916666666667 0.6148148148148148 0.00625 0.041666666666666664
66 0.558203125 0.3509259259259259 0.00703125 0.03518518518518519
128 0.40924479166666666 0.33796296296296297 0.006510416666666667 0.041666666666666664
71 0.1828125 0.3087962962962963 0.005208333333333333 0.01574074074074074
71 0.22916666666666666 0.305787037037037 0.010416666666666666 0.008796296296296297
47 0.7829427083333333 0.30787037037037035 0.004427083333333333 0.004629629629629629
68 0.2877604166666667 0.2351851851851852 0.011458333333333333 0.023148148148148147
99 0.6177083333333333 0.22916666666666666 0.0036458333333333334 0.017592592592592594
16 0.29296875 0.1738425925925926 0.018229166666666668 0.034722222222222224
33 0.512890625 0.15787037037037038 0.011197916666666667 0.000925925925925926
62 0.7614583333333333 0.17199074074074075 0.003125 0.02546296296296296
28 0.69375 0.1752314814814815 0.013020833333333334 0.03287037037037037
24 0.7272135416666666 0.4173611111111111 0.01015625 0.04953703703703704
12 0.519140625 0.4219907407407407 0.011197916666666667 0.0625
34 0.18333333333333332 0.48842592592592593 0.0171875 0.03148148148148148
26 0.7203125 0.4949074074074074 0.00625 0.03518518518518519
32 0.4421875 0.4981481481481482 0.007291666666666667 0.04722222222222222
127 0.387109375 0.6168981481481481 0.006510416666666667 0.033796296296296297
119 0.54296875 0.6155092592592593 0.005729166666666666 0.04212962962962963
24 0.21575520833333334 0.5884259259259259 0.006510416666666667 0.03518518518518519
26 0.7259114583333334 0.5085648148148149 0.01171875 0.055092592592592596
32 0.4046875 0.5039351851851852 0.0109375 0.0587962962962963
24 0.7828125 0.3988425925925926 0.0020833333333333333 0.011574074074074073
65 0.6139322916666666 0.35138888888888886 0.00234375 0.03518518518518519
66 0.518359375 0.35 0.00703125 0.03611111111111111
66 0.5498697916666667 0.34282407407407406 0.00703125 0.033796296296296297
71 0.1703125 0.3085648148148148 0.005208333333333333 0.014351851851851852
99 0.6373697916666666 0.2548611111111111 0.010677083333333334 0.052314814814814814
34 0.524609375 0.2300925925925926 0.019010416666666665 0.03425925925925926
18 0.41263020833333336 0.21851851851851853 0.0018229166666666667 0.012962962962962963