1 0.2805989583333333 0.026157407407407407 0.023177083333333334 0.052314814814814814
125 0.4903645833333333 0.02662037037037037 0.010416666666666666 0.052314814814814814
68 0.9227864583333333 0.038657407407407404 0.009635416666666667 0.03009259259259259
92 0.8998697916666667 0.046296296296296294 0.0049479166666666664 0.022222222222222223
93 0.7220052083333334 0.03425925925925926 0.01015625 0.04814814814814815
87 0.05416666666666667 0.029166666666666667 0.013541666666666667 0.058333333333333334
12 0.8625 0.029861111111111113 0.0171875 0.059722222222222225
24 0.9338541666666667 0.03125 0.016145833333333335 0.0625
40 0.8424479166666666 0.03194444444444444 0.016666666666666666 0.06388888888888888
28 0.22786458333333334 0.03680555555555556 0.021875 0.056018518518518516
106 0.1828125 0.0412037037037037 0.020833333333333332 0.05462962962962963
43 0.68125 0.04259259259259259 0.0171875 0.05277777777777778
56 0.5411458333333333 0.03888888888888889 0.011458333333333333 0.062037037037037036
31 0.283203125 0.04861111111111111 0.02109375 0.044444444444444446
2 0.5227864583333334 0.03796296296296296 0.012239583333333333 0.07592592592592592
86 0.9838541666666667 0.04837962962962963 0.0140625 0.0587962962962963
17 0.2755208333333333 0.062037037037037036 0.0015625 0.03148148148148148
4 0.583203125 0.03958333333333333 0.013802083333333333 0.07916666666666666
24 0.7102864583333334 0.04027777777777778 0.01640625 0.08055555555555556
113 0.197265625 0.06157407407407407 0.024739583333333332 0.04814814814814815
5 0.6984375 0.06527777777777778 0.013541666666666667 0.04351851851851852
96 0.068359375 0.06944444444444445 0.013802083333333333 0.03518518518518519
110 0.3184895833333333 0.1537037037037037 0.011458333333333333 0.053703703703703705
15 0.44453125 0.16689814814814816 0.0109375 0.03564814814814815
43 0.10221354166666667 0.15949074074074074 0.02578125 0.050462962962962966
17 0.5294270833333333 0.17175925925925925 0.0046875 0.030555555555555555
32 0.8828125 0.15555555555555556 0.017708333333333333 0.07592592592592592
108 0.5143229166666666 0.18217592592592594 0.016145833333333335 0.022685185185185187
52 0.058854166666666666 0.15810185185185185 0.018229166666666668 0.08194444444444444
80 0.958203125 0.17314814814814813 0.026822916666666665 0.05277777777777778
95 0.08828125 0.17199074074074075 0.013541666666666667 0.0587962962962963
57 0.575390625 0.1736111111111111 0.010677083333333334 0.05740740740740741
26 0.2618489583333333 0.16365740740740742 0.01640625 0.08564814814814815
111 0.04544270833333333 0.17731481481481481 0.01484375 0.06018518518518518
98 0.5359375 0.17662037037037037 0.0109375 0.0625
50 0.8640625 0.16782407407407407 0.016666666666666666 0.08101851851851852
56 0.18268229166666666 0.18263888888888888 0.011197916666666667 0.05416666666666667
96 0.7514322916666667 0.1900462962962963 0.015364583333333333 0.04027777777777778
41 0.105078125 0.16967592592592592 0.015885416666666666 0.08101851851851852
37 0.20559895833333333 0.18333333333333332 0.021614583333333333 0.05740740740740741
27 0.8278645833333333 0.18611111111111112 0.021354166666666667 0.05462962962962963
127 0.08958333333333333 0.1863425925925926 0.011458333333333333 0.05416666666666667
96 0.4140625 0.19467592592592592 0.015625 0.0412037037037037
17 0.6170572916666667 0.4219907407407407 0.010677083333333334 0.03564814814814815
53 0.5856770833333333 0.4173611111111111 0.023958333333333335 0.050462962962962966
118 0.667578125 0.41921296296296295 0.01328125 0.05416666666666667
85 0.5134114583333333 0.4215277777777778 0.011197916666666667 0.056018518518518516
82 0.4359375 0.42060185185185184 0.0234375 0.060648148148148145
6 0.2682291666666667 0.4215277777777778 0.01875 0.06620370370370371
53 0.7731770833333333 0.43449074074074073 0.025520833333333333 0.052314814814814814
48 0.1546875 0.42592592592592593 0.015625 0.0787037037037037
122 0.015494791666666667 0.4393518518518518 0.02265625 0.05555555555555555
35 0.459375 0.44884259259259257 0.020833333333333332 0.05324074074074074
127 0.6634114583333334 0.4476851851851852 0.00703125 0.05648148148148148
90 0.3907552083333333 0.43657407407407406 0.01796875 0.08796296296296297
65 0.6014322916666667 0.4530092592592593 0.011197916666666667 0.056018518518518516
38 0.23723958333333334 0.44513888888888886 0.014583333333333334 0.07453703703703704
106 0.21263020833333332 0.4550925925925926 0.02109375 0.05648148148148148
97 0.8291666666666667 0.45393518518518516 0.0125 0.06342592592592593
5 0.11549479166666667 0.5289351851851852 0.012760416666666666 0.029166666666666667
72 0.6766927083333333 0.5328703703703703 0.015364583333333333 0.03611111111111111
85 0.7118489583333333 0.5337962962962963 0.01015625 0.03796296296296296
28 0.19140625 0.5335648148148148 0.0171875 0.038425925925925926
103 0.8061197916666667 0.5344907407407408 0.010677083333333334 0.038425925925925926
68 0.14856770833333333 0.537962962962963 0.015885416666666666 0.032407407407407406
10 0.882421875 0.5428240740740741 0.013802083333333333 0.02361111111111111
11 0.226953125 0.5363425925925925 0.03463541666666667 0.04398148148148148
95 0.8755208333333333 0.5370370370370371 0.013020833333333334 0.04351851851851852
77 0.7854166666666667 0.5425925925925926 0.018229166666666668 0.03888888888888889
29 0.8989583333333333 0.5395833333333333 0.019791666666666666 0.04861111111111111
11 0.2908854166666667 0.5391203703703704 0.03177083333333333 0.04953703703703704
102 0.7319010416666667 0.5400462962962963 0.01015625 0.050462962962962966
50 0.5348958333333333 0.5409722222222222 0.013541666666666667 0.052314814814814814
38 0.8555989583333333 0.54375 0.016927083333333332 0.05694444444444444
68 0.08697916666666666 0.5606481481481481 0.0171875 0.03425925925925926
123 0.6188802083333333 0.5560185185185185 0.020052083333333335 0.05185185185185185
63 0.5561197916666667 0.5581018518518519 0.012760416666666666 0.055092592592592596
76 0.379296875 0.5659722222222222 0.015885416666666666 0.03935185185185185
92 0.7572916666666667 0.5844907407407407 0.011458333333333333 0.024537037037037038
128 0.8977864583333334 0.5796296296296296 0.010677083333333334 0.05092592592592592
17 0.7479166666666667 0.5902777777777778 0.010416666666666666 0.03518518518518519
109 0.16783854166666667 0.6025462962962963 0.015885416666666666 0.024537037037037038
92 0.5091145833333334 0.6037037037037037 0.011979166666666667 0.025925925925925925
54 0.6662760416666667 0.5944444444444444 0.01953125 0.049074074074074076
79 0.74296875 0.6034722222222222 0.016145833333333335 0.03564814814814815
32 0.41627604166666665 0.5791666666666667 0.014322916666666666 0.08425925925925926
53 0.7110677083333333 0.5944444444444444 0.02578125 0.05555555555555555
99 0.6036458333333333 0.5868055555555556 0.0171875 0.08842592592592592
6 0.21979166666666666 0.5979166666666667 0.018229166666666668 0.06805555555555555
33 0.5377604166666666 0.6148148148148148 0.019791666666666666 0.03611111111111111
60 0.962890625 0.6030092592592593 0.014322916666666666 0.06157407407407407
27 0.055078125 0.6074074074074074 0.02265625 0.05925925925925926
77 0.36184895833333336 0.6212962962962963 0.01640625 0.03611111111111111
9 0.8803385416666667 0.5974537037037037 0.01953125 0.0912037037037037
118 0.4139322916666667 0.41064814814814815 0.02578125 0.04814814814814815
100 0.3963541666666667 0.41412037037037036 0.0046875 0.03935185185185185
110 0.123828125 0.40949074074074077 0.014322916666666666 0.04583333333333333
119 0.6440104166666667 0.4097222222222222 0.005729166666666666 0.04537037037037037
0 0.701171875 0.40949074074074077 0.012760416666666666 0.04490740740740741
27 0.38515625 0.4083333333333333 0.0171875 0.04351851851851852
124 0.34908854166666664 0.4081018518518518 0.016927083333333332 0.043055555555555555
42 0.778515625 0.4013888888888889 0.012760416666666666 0.028703703703703703
88 0.13567708333333334 0.32013888888888886 0.019791666666666666 0.07824074074074074
52 0.8114583333333333 0.31550925925925927 0.018229166666666668 0.0875
120 0.9313802083333333 0.32222222222222224 0.014322916666666666 0.07037037037037037
9 0.18463541666666666 0.3101851851851852 0.018229166666666668 0.09166666666666666
83 0.55703125 0.3277777777777778 0.024479166666666666 0.05092592592592592
38 0.8536458333333333 0.3162037037037037 0.015104166666666667 0.07407407407407407
44 0.5180989583333333 0.32731481481481484 0.023177083333333334 0.04814814814814815
125 0.11315104166666666 0.3175925925925926 0.014322916666666666 0.05462962962962963
7 0.7005208333333334 0.31851851851851853 0.0109375 0.05277777777777778
18 0.2786458333333333 0.3145833333333333 0.030208333333333334 0.059722222222222225
113 0.9614583333333333 0.3194444444444444 0.025520833333333333 0.05
99 0.7522135416666667 0.3037037037037037 0.01640625 0.0787037037037037
19 0.8411458333333334 0.3136574074074074 0.011979166666666667 0.05416666666666667
94 0.9016927083333334 0.29606481481481484 0.01796875 0.08194444444444444
97 0.24830729166666668 0.3025462962962963 0.012760416666666666 0.06805555555555555
36 0.46510416666666665 0.30671296296296297 0.0234375 0.0587962962962963
50 0.8190104166666666 0.2951388888888889 0.011979166666666667 0.08009259259259259
2 0.12486979166666666 0.2951388888888889 0.012760416666666666 0.07916666666666666
16 0.5716145833333334 0.2951388888888889 0.024479166666666666 0.07453703703703704
16 0.16653645833333333 0.29282407407407407 0.026302083333333334 0.07731481481481481
32 0.7684895833333333 0.29050925925925924 0.015104166666666667 0.07175925925925926
78 0.72109375 0.30185185185185187 0.023958333333333335 0.04814814814814815
125 0.24127604166666666 0.30115740740740743 0.0049479166666666664 0.04861111111111111
83 0.33229166666666665 0.30069444444444443 0.0234375 0.047685185185185185
127 0.5921875 0.2962962962962963 0.009895833333333333 0.05648148148148148
28 0.288671875 0.2965277777777778 0.02109375 0.055092592592592596
28 0.421875 0.2900462962962963 0.021875 0.0587962962962963
35 0.8123697916666667 0.2831018518518518 0.02421875 0.056018518518518516
45 0.540234375 0.28194444444444444 0.008072916666666667 0.05462962962962963
81 0.9427083333333334 0.28217592592592594 0.011458333333333333 0.05416666666666667
39 0.08958333333333333 0.2861111111111111 0.023958333333333335 0.04537037037037037
89 0.33736979166666664 0.28402777777777777 0.02421875 0.04861111111111111
47 0.1921875 0.28449074074074077 0.021354166666666667 0.04675925925925926
46 0.6881510416666666 0.28078703703703706 0.024739583333333332 0.052314814814814814
35 0.44453125 0.28055555555555556 0.021354166666666667 0.05185185185185185
0 0.3665364583333333 0.2800925925925926 0.0033854166666666668 0.05092592592592592
109 0.3875 0.2875 0.015104166666666667 0.011111111111111112
118 0.13541666666666666 0.27685185185185185 0.017708333333333333 0.030555555555555555
68 0.977734375 0.20879629629629629 0.01640625 0.030555555555555555
5 0.062239583333333334 0.1988425925925926 0.016145833333333335 0.047685185185185185
125 0.3416666666666667 0.1960648148148148 0.0125 0.052314814814814814
7 0.46432291666666664 0.1962962962962963 0.009895833333333333 0.049074074074074076
96 0.5890625 0.20185185185185187 0.0140625 0.03796296296296296
120 0.026302083333333334 0.18541666666666667 0.0140625 0.06805555555555555
53 0.13346354166666666 0.19189814814814815 0.025260416666666667 0.04953703703703704
25 0.3782552083333333 0.02962962962962963 0.006510416666666667 0.05092592592592592
10 0.010807291666666666 0.027546296296296298 0.01640625 0.055092592592592596
12 0.17734375 0.029166666666666667 0.013020833333333334 0.058333333333333334
0 0.38619791666666664 0.030787037037037036 0.0125 0.06157407407407407
125 0.6102864583333333 0.034722222222222224 0.010677083333333334 0.05462962962962963
67 0.14674479166666668 0.04652777777777778 0.012760416666666666 0.031018518518518518
50 0.6389322916666667 0.03194444444444444 0.016927083333333332 0.06388888888888888
106 0.7377604166666667 0.037731481481481484 0.022916666666666665 0.060648148148148145
98 0.8927083333333333 0.04027777777777778 0.013541666666666667 0.06759259259259259
55 0.9115885416666667 0.03726851851851852 0.01953125 0.07453703703703704
6 0.06276041666666667 0.04375 0.021354166666666667 0.07453703703703704
98 0.24075520833333333 0.0525462962962963 0.011197916666666667 0.059722222222222225
7 0.94453125 0.059027777777777776 0.013020833333333334 0.05138888888888889
69 0.28216145833333334 0.04236111111111111 0.015364583333333333 0.08472222222222223
111 0.964453125 0.05810185185185185 0.01484375 0.056018518518518516
54 0.8157552083333334 0.05925925925925926 0.02890625 0.05555555555555555
7 0.4147135416666667 0.15763888888888888 0.009635416666666667 0.033796296296296297
38 0.5296875 0.14907407407407408 0.014583333333333334 0.06388888888888888
56 0.7903645833333334 0.1553240740740741 0.011458333333333333 0.05416666666666667
57 0.03606770833333333 0.1613425925925926 0.009635416666666667 0.05324074074074074
36 0.5516927083333333 0.15925925925925927 0.023177083333333334 0.058333333333333334
104 0.5904947916666666 0.1710648148148148 0.01015625 0.05787037037037037
62 0.9104166666666667 0.16064814814814815 0.016145833333333335 0.08148148148148149
120 0.22552083333333334 0.18217592592592594 0.011458333333333333 0.06157407407407407
98 0.15768229166666667 0.18541666666666667 0.012239583333333333 0.0625
80 0.9328125 0.41597222222222224 0.022916666666666665 0.04583333333333333
68 0.29791666666666666 0.43171296296296297 0.011458333333333333 0.033796296296296297
64 0.16549479166666667 0.42430555555555555 0.012239583333333333 0.04953703703703704
38 0.24075520833333333 0.418287037037037 0.015364583333333333 0.06342592592592593
73 0.7427083333333333 0.42800925925925926 0.019791666666666666 0.05324074074074074
109 0.41497395833333334 0.45416666666666666 0.016927083333333332 0.025925925925925925
105 0.5705729166666667 0.43703703703703706 0.0109375 0.062037037037037036
57 0.501171875 0.44166666666666665 0.01171875 0.062037037037037036
30 0.9450520833333333 0.4476851851851852 0.027083333333333334 0.05462962962962963
18 0.791015625 0.45046296296296295 0.02734375 0.058333333333333334
110 0.08046875 0.45046296296296295 0.016145833333333335 0.062037037037037036
124 0.26510416666666664 0.4585648148148148 0.0234375 0.04861111111111111
60 0.755859375 0.5391203703703704 0.01171875 0.04861111111111111
17 0.5903645833333333 0.5666666666666667 0.009375 0.032407407407407406
119 0.345703125 0.5506944444444445 0.010677083333333334 0.06435185185185185
59 0.9220052083333333 0.5548611111111111 0.013802083333333333 0.0625
35 0.6471354166666666 0.5574074074074075 0.023958333333333335 0.06111111111111111
76 0.8180989583333333 0.5826388888888889 0.01328125 0.04027777777777778
84 0.85 0.5921296296296297 0.0171875 0.032407407407407406
24 0.36822916666666666 0.575 0.0140625 0.075
18 0.77734375 0.331712962962963 0.029166666666666667 0.059722222222222225
86 0.915234375 0.3277777777777778 0.01328125 0.05648148148148148
88 0.6727864583333333 0.3101851851851852 0.020052083333333335 0.07777777777777778
54 0.5076822916666667 0.31203703703703706 0.024739583333333332 0.05092592592592592
43 0.0859375 0.31157407407407406 0.0234375 0.04537037037037037
33 0.14765625 0.30925925925925923 0.009375 0.032407407407407406
45 0.359765625 0.28912037037037036 0.01484375 0.06898148148148148
89 0.20572916666666666 0.2972222222222222 0.022916666666666665 0.044444444444444446
25 0.25286458333333334 0.29050925925925924 0.021354166666666667 0.05324074074074074
109 0.8395833333333333 0.30300925925925926 0.018229166666666668 0.02546296296296296
75 0.6420572916666667 0.287962962962963 0.00703125 0.04259259259259259
39 0.49296875 0.28217592592592594 0.022395833333333334 0.04675925925925926
85 0.396484375 0.19282407407407406 0.011197916666666667 0.055092592592592596
49 0.6200520833333333 0.010416666666666666 0.021354166666666667 0.020833333333333332
97 0.19557291666666668 0.01898148148148148 0.011458333333333333 0.03796296296296296
51 0.7032552083333333 0.02199074074074074 0.008072916666666667 0.04398148148148148
98 0.2596354166666667 0.028009259259259258 0.010416666666666666 0.055092592592592596
18 0.5967447916666667 0.03217592592592593 0.014322916666666666 0.04953703703703704
70 0.3341145833333333 0.019444444444444445 0.0140625 0.03888888888888889
83 0.280859375 0.0349537037037037 0.023697916666666666 0.04953703703703704
55 0.369140625 0.03287037037037037 0.01484375 0.06574074074074074
44 0.32838541666666665 0.04351851851851852 0.024479166666666666 0.04814814814814815
44 0.4036458333333333 0.04583333333333333 0.027083333333333334 0.053703703703703705
115 0.009635416666666667 0.04791666666666667 0.019270833333333334 0.052314814814814814
48 0.7338541666666667 0.03819444444444445 0.018229166666666668 0.0763888888888889
31 0.0037760416666666667 0.0587962962962963 0.007552083333333333 0.04722222222222222
67 0.36236979166666666 0.06875 0.014322916666666666 0.0375
96 0.6505208333333333 0.18425925925925926 0.0010416666666666667 0.005555555555555556
27 0.7592447916666667 0.1638888888888889 0.014322916666666666 0.049074074074074076
6 0.7713541666666667 0.17407407407407408 0.019270833333333334 0.0712962962962963
1 0.362109375 0.4152777777777778 0.024739583333333332 0.05740740740740741
116 0.2 0.4085648148148148 0.011979166666666667 0.04398148148148148
66 0.056640625 0.42569444444444443 0.010677083333333334 0.04675925925925926
48 0.8180989583333333 0.4201388888888889 0.014322916666666666 0.06620370370370371
90 0.9065104166666667 0.42407407407407405 0.019270833333333334 0.07314814814814814
95 0.680859375 0.4356481481481482 0.010677083333333334 0.05
84 0.11888020833333333 0.4479166666666667 0.017447916666666667 0.03194444444444444
69 0.5295572916666667 0.42824074074074076 0.01171875 0.0787037037037037
47 0.6223958333333334 0.5296296296296297 0.01875 0.02962962962962963
96 0.16197916666666667 0.5402777777777777 0.011979166666666667 0.032407407407407406
65 0.8467447916666667 0.5377314814814815 0.00546875 0.04490740740740741
68 0.703515625 0.5569444444444445 0.014322916666666666 0.02962962962962963
72 0.8059895833333334 0.5875 0.016145833333333335 0.07592592592592592
101 0.6348958333333333 0.5949074074074074 0.011979166666666667 0.06666666666666667
33 0.020442708333333334 0.6224537037037037 0.018489583333333334 0.03194444444444444
8 0.12239583333333333 0.5909722222222222 0.044270833333333336 0.09675925925925925
114 0.786328125 0.6125 0.021614583333333333 0.05740740740740741
77 0.4920572916666667 0.6206018518518519 0.020052083333333335 0.04398148148148148
20 0.8365885416666666 0.40879629629629627 0.018489583333333334 0.04351851851851852
91 0.5322916666666667 0.4085648148148148 0.011979166666666667 0.043055555555555555
5 0.36796875 0.3326388888888889 0.0125 0.0412037037037037
102 0.04205729166666667 0.32083333333333336 0.012239583333333333 0.05925925925925926
47 0.078125 0.32430555555555557 0.0265625 0.052314814814814814
10 0.014583333333333334 0.3162037037037037 0.015625 0.05925925925925926
83 0.6338541666666667 0.30069444444444443 0.014583333333333334 0.052314814814814814
60 0.865625 0.29583333333333334 0.011458333333333333 0.05740740740740741
101 0.6462239583333333 0.2886574074074074 0.006510416666666667 0.05694444444444444
4 0.92578125 0.28564814814814815 0.014583333333333334 0.06111111111111111
70 0.5479166666666667 0.2851851851851852 0.013541666666666667 0.06111111111111111
119 0.027213541666666667 0.28449074074074077 0.014322916666666666 0.060648148148148145
35 0.7451822916666667 0.2833333333333333 0.02109375 0.05277777777777778
40 0.7782552083333333 0.28171296296296294 0.009635416666666667 0.05416666666666667
96 0.7575520833333333 0.20694444444444443 0.0140625 0.037037037037037035
60 0.5622395833333333 0.19074074074074074 0.011458333333333333 0.06111111111111111
6 0.65234375 0.027546296296296298 0.0046875 0.055092592592592596
24 0.428125 0.028009259259259258 0.0125 0.056018518518518516
44 0.8266927083333333 0.0349537037037037 0.018489583333333334 0.04675925925925926
27 0.4412760416666667 0.03680555555555556 0.022135416666666668 0.05694444444444444
65 0.7859375 0.03981481481481482 0.011458333333333333 0.05462962962962963
93 0.6196614583333333 0.04583333333333333 0.026822916666666665 0.05277777777777778
77 0.9563802083333334 0.055092592592592596 0.01484375 0.03796296296296296
69 0.6712239583333334 0.03796296296296296 0.00546875 0.07592592592592592
117 0.46705729166666665 0.05162037037037037 0.025260416666666667 0.050462962962962966
65 0.3450520833333333 0.04814814814814815 0.011979166666666667 0.06111111111111111
90 0.501171875 0.0412037037037037 0.015885416666666666 0.0824074074074074
97 0.433203125 0.050694444444444445 0.01171875 0.06805555555555555
66 0.910546875 0.05763888888888889 0.01328125 0.059722222222222225
102 0.06510416666666667 0.14837962962962964 0.009895833333333333 0.0625
126 0.93203125 0.15625 0.013541666666666667 0.050462962962962966
68 0.794140625 0.18078703703703702 0.015364583333333333 0.03009259259259259
59 0.11028645833333334 0.1710648148148148 0.00546875 0.05324074074074074
110 0.3756510416666667 0.1824074074074074 0.013802083333333333 0.062037037037037036
55 0.6825520833333333 0.41458333333333336 0.0140625 0.055092592592592596
89 0.4640625 0.42800925925925926 0.022395833333333334 0.04675925925925926
111 0.19791666666666666 0.4326388888888889 0.013020833333333334 0.056018518518518516
61 0.8674479166666667 0.4372685185185185 0.0109375 0.050462962962962966
56 0.09856770833333334 0.5356481481481481 0.01015625 0.04259259259259259
113 0.5020833333333333 0.5365740740740741 0.024479166666666666 0.04351851851851852
40 0.039322916666666666 0.5460648148148148 0.014583333333333334 0.06342592592592593
117 0.059765625 0.5706018518518519 0.02109375 0.05324074074074074
13 0.3067708333333333 0.5831018518518518 0.0026041666666666665 0.04953703703703704
87 0.047526041666666664 0.5791666666666667 0.014322916666666666 0.07314814814814814
73 0.24296875 0.6092592592592593 0.0234375 0.06481481481481481
126 0.3243489583333333 0.41064814814814815 0.01328125 0.04814814814814815
1 0.05325520833333333 0.4099537037037037 0.03307291666666667 0.04675925925925926
18 0.882421875 0.3296296296296296 0.03411458333333333 0.06388888888888888
28 0.6182291666666667 0.32893518518518516 0.022395833333333334 0.059722222222222225
35 0.39114583333333336 0.3282407407407407 0.0234375 0.05925925925925926
70 0.2046875 0.3101851851851852 0.016145833333333335 0.08333333333333333
4 0.6209635416666667 0.30300925925925926 0.01328125 0.08287037037037037
81 0.797265625 0.3087962962962963 0.012239583333333333 0.06111111111111111
12 0.373828125 0.29398148148148145 0.014322916666666666 0.0787037037037037
92 0.4473958333333333 0.30277777777777776 0.011458333333333333 0.023148148148148147
25 0.904296875 0.29097222222222224 0.022135416666666668 0.0412037037037037
127 0.1515625 0.28078703703703706 0.009895833333333333 0.05324074074074074
4 0.2682291666666667 0.28032407407407406 0.014583333333333334 0.05138888888888889
2 0.387109375 0.27800925925925923 0.013802083333333333 0.04675925925925926
24 0.671875 0.26875 0.0125 0.02824074074074074
116 0.5736979166666667 0.26481481481481484 0.008854166666666666 0.020370370370370372
67 0.5440104166666667 0.20925925925925926 0.0109375 0.02962962962962963