77 0.5872395833333334 0.008796296296296297 0.019270833333333334 0.017592592592592594
77 0.5278645833333333 0.009027777777777777 0.019270833333333334 0.018055555555555554
102 0.440625 0.00949074074074074 0.013020833333333334 0.01898148148148148
102 0.39231770833333335 0.00949074074074074 0.01328125 0.01898148148148148
102 0.360546875 0.009722222222222222 0.01328125 0.019444444444444445
102 0.34596354166666665 0.009722222222222222 0.01328125 0.019444444444444445
102 0.31497395833333336 0.009722222222222222 0.01328125 0.019444444444444445
102 0.2845052083333333 0.010185185185185186 0.01328125 0.020370370370370372
121 0.7455729166666667 0.010416666666666666 0.015104166666666667 0.020833333333333332
12 0.23190104166666667 0.010648148148148148 0.004427083333333333 0.021296296296296296
12 0.19244791666666666 0.01087962962962963 0.019270833333333334 0.02175925925925926
121 0.794140625 0.011111111111111112 0.015364583333333333 0.022222222222222223
121 0.7778645833333333 0.011111111111111112 0.015104166666666667 0.022222222222222223
121 0.8264322916666667 0.011574074074074073 0.01484375 0.023148148148148147
12 0.12747395833333333 0.011805555555555555 0.01953125 0.02361111111111111
30 0.9390625 0.012268518518518519 0.029166666666666667 0.024537037037037038
12 0.05950520833333333 0.012962962962962963 0.01953125 0.025925925925925925
5 0.9440104166666666 0.0837962962962963 0.016666666666666666 0.03611111111111111
5 0.9920572916666667 0.08564814814814815 0.015364583333333333 0.037037037037037035
60 0.008723958333333334 0.09467592592592593 0.017447916666666667 0.056018518518518516
126 0.23229166666666667 0.09375 0.009375 0.06620370370370371
126 0.20221354166666666 0.09444444444444444 0.016927083333333332 0.06666666666666667
126 0.11458333333333333 0.09560185185185185 0.0171875 0.06527777777777778
126 0.15091145833333333 0.09560185185185185 0.016927083333333332 0.06620370370370371
126 0.09635416666666667 0.09606481481481481 0.0171875 0.06527777777777778
83 0.7265625 0.09490740740740741 0.022395833333333334 0.06944444444444445
126 0.0609375 0.09745370370370371 0.0171875 0.06527777777777778
31 0.355078125 0.09675925925925925 0.03411458333333333 0.06851851851851852
83 0.7966145833333333 0.09699074074074074 0.034895833333333334 0.0699074074074074
39 0.5345052083333334 0.1050925925925926 0.03046875 0.062037037037037036
39 0.5692708333333333 0.10555555555555556 0.030729166666666665 0.062037037037037036
39 0.6411458333333333 0.10601851851851851 0.030729166666666665 0.062037037037037036
39 0.6736979166666667 0.10694444444444444 0.030729166666666665 0.062037037037037036
5 0.9264322916666666 0.12291666666666666 0.016927083333333332 0.04953703703703704
5 0.9592447916666667 0.12407407407407407 0.016927083333333332 0.049074074074074076
31 0.366796875 0.15300925925925926 0.03359375 0.06898148148148148
39 0.5639322916666667 0.1574074074074074 0.03046875 0.06111111111111111
39 0.498828125 0.1587962962962963 0.030989583333333334 0.058333333333333334
126 0.23736979166666666 0.16458333333333333 0.002864583333333333 0.047685185185185185
83 0.7576822916666667 0.1550925925925926 0.03463541666666667 0.06759259259259259
39 0.665234375 0.15833333333333333 0.03046875 0.062037037037037036
83 0.8337239583333333 0.15787037037037038 0.03463541666666667 0.06574074074074074
126 0.20885416666666667 0.15694444444444444 0.016666666666666666 0.06759259259259259
126 0.12018229166666666 0.15856481481481483 0.017447916666666667 0.06712962962962964
126 0.06510416666666667 0.16018518518518518 0.017708333333333333 0.06481481481481481
5 0.9247395833333333 0.16875 0.016666666666666666 0.04953703703703704
60 0.022135416666666668 0.15648148148148147 0.016666666666666666 0.075
5 0.958203125 0.17037037037037037 0.016927083333333332 0.049074074074074076
60 0.007682291666666666 0.15856481481481483 0.015364583333333333 0.07268518518518519
20 0.44453125 0.2564814814814815 0.023958333333333335 0.05277777777777778
20 0.284375 0.2569444444444444 0.024479166666666666 0.05277777777777778
20 0.34791666666666665 0.2571759259259259 0.023958333333333335 0.05324074074074074
20 0.3165364583333333 0.2569444444444444 0.02421875 0.053703703703703705
21 0.5985677083333333 0.26064814814814813 0.024739583333333332 0.06111111111111111
21 0.56484375 0.26087962962962963 0.024479166666666666 0.06157407407407407
21 0.5315104166666667 0.26087962962962963 0.024479166666666666 0.06157407407407407
21 0.6665364583333333 0.26157407407407407 0.024739583333333332 0.062037037037037036
80 0.002994791666666667 0.269212962962963 0.005989583333333334 0.05694444444444444
80 0.022135416666666668 0.2689814814814815 0.0328125 0.06666666666666667
21 0.53125 0.3162037037037037 0.0265625 0.07037037037037037
21 0.49752604166666664 0.31666666666666665 0.026822916666666665 0.07037037037037037
20 0.35625 0.3111111111111111 0.028125 0.08148148148148149
20 0.32109375 0.31157407407407406 0.028125 0.08055555555555556
101 0.646875 0.47847222222222224 0.013020833333333334 0.07268518518518519
1 0.7967447916666667 0.47708333333333336 0.032552083333333336 0.07731481481481481
1 0.7134114583333333 0.47847222222222224 0.01796875 0.07453703703703704
22 0.8256510416666667 0.6076388888888888 0.015885416666666666 0.07546296296296297
22 0.7162760416666667 0.6076388888888888 0.01484375 0.07546296296296297
22 0.8684895833333334 0.6081018518518518 0.016145833333333335 0.07546296296296297
22 0.8546875 0.6087962962962963 0.016145833333333335 0.07592592592592592
22 0.7484375 0.6087962962962963 0.015104166666666667 0.07592592592592592
22 0.70390625 0.6090277777777777 0.009375 0.0763888888888889
10 0.6471354166666666 0.6173611111111111 0.015625 0.06805555555555555
10 0.553125 0.6171296296296296 0.014583333333333334 0.06851851851851852
10 0.6149739583333333 0.6180555555555556 0.015364583333333333 0.06851851851851852
10 0.5359375 0.617824074074074 0.014583333333333334 0.06898148148148148
10 0.5842447916666667 0.618287037037037 0.01484375 0.06898148148148148
10 0.5694010416666667 0.6185185185185185 0.01484375 0.06851851851851852
54 0.040364583333333336 0.6201388888888889 0.03229166666666667 0.06898148148148148
34 0.9583333333333334 0.6196759259259259 0.03333333333333333 0.07175925925925926
125 0.09361979166666666 0.6259259259259259 0.01640625 0.06018518518518518
125 0.172265625 0.6266203703703703 0.015885416666666666 0.060648148148148145
125 0.14114583333333333 0.6268518518518519 0.016145833333333335 0.06018518518518518
125 0.18841145833333334 0.6270833333333333 0.015885416666666666 0.060648148148148145
125 0.21822916666666667 0.6282407407407408 0.015625 0.06018518518518518
54 0.033203125 0.6699074074074074 0.032552083333333336 0.06759259259259259
125 0.11263020833333333 0.6817129629629629 0.01640625 0.05324074074074074
125 0.09622395833333333 0.6814814814814815 0.01640625 0.053703703703703705
34 0.9154947916666667 0.674537037037037 0.032552083333333336 0.06851851851851852
125 0.19348958333333333 0.6810185185185185 0.015625 0.05648148148148148
125 0.14388020833333334 0.6824074074074075 0.01640625 0.053703703703703705
38 0.28619791666666666 0.6543981481481481 0.022395833333333334 0.11064814814814815
38 0.332421875 0.6553240740740741 0.021614583333333333 0.11064814814814815
10 0.653125 0.6775462962962963 0.015625 0.06712962962962964
10 0.6037760416666667 0.6782407407407407 0.01484375 0.06666666666666667
10 0.5733072916666667 0.6782407407407407 0.01484375 0.06666666666666667
10 0.5225260416666667 0.6789351851851851 0.014322916666666666 0.06527777777777778
22 0.8653645833333333 0.6775462962962963 0.016145833333333335 0.06898148148148148
22 0.82265625 0.6775462962962963 0.015625 0.06898148148148148
22 0.7459635416666667 0.6784722222222223 0.01484375 0.06712962962962964
22 0.7143229166666667 0.6777777777777778 0.014583333333333334 0.06851851851851852
38 0.40377604166666664 0.6564814814814814 0.02109375 0.1111111111111111
38 0.4505208333333333 0.6571759259259259 0.020833333333333332 0.11064814814814815
22 0.7766927083333334 0.6763888888888889 0.015364583333333333 0.07314814814814814
22 0.7015625 0.6791666666666667 0.009375 0.06759259259259259
101 0.60546875 0.47824074074074074 0.013020833333333334 0.07222222222222222
17 0.22421875 0.4925925925925926 0.0140625 0.04259259259259259
68 0.309765625 0.49421296296296297 0.020052083333333335 0.03935185185185185
101 0.53359375 0.4777777777777778 0.0125 0.07222222222222222
68 0.41888020833333334 0.49189814814814814 0.01953125 0.043055555555555555
101 0.49049479166666665 0.4773148148148148 0.012239583333333333 0.07222222222222222
88 0.984375 0.46782407407407406 0.027604166666666666 0.0912037037037037
17 0.08098958333333334 0.49236111111111114 0.015104166666666667 0.0412037037037037
17 0.11015625 0.49189814814814814 0.014583333333333334 0.04212962962962963
17 0.182421875 0.49189814814814814 0.014322916666666666 0.04212962962962963
58 0.027994791666666668 0.48032407407407407 0.014322916666666666 0.06435185185185185
88 0.9608072916666667 0.4668981481481482 0.029947916666666668 0.0912037037037037
58 0.053515625 0.48009259259259257 0.014322916666666666 0.06388888888888888
17 0.24817708333333333 0.4909722222222222 0.004166666666666667 0.04212962962962963
68 0.35260416666666666 0.4928240740740741 0.0203125 0.038425925925925926
68 0.35299479166666664 0.4601851851851852 0.020052083333333335 0.03981481481481482
68 0.2858072916666667 0.4599537037037037 0.020572916666666666 0.03935185185185185
68 0.42473958333333334 0.4597222222222222 0.019791666666666666 0.03981481481481482
17 0.078515625 0.4546296296296296 0.01484375 0.044444444444444446
17 0.120703125 0.4548611111111111 0.01484375 0.04398148148148148
17 0.09375 0.45416666666666666 0.014583333333333334 0.044444444444444446
17 0.16549479166666667 0.45416666666666666 0.014322916666666666 0.044444444444444446
17 0.19583333333333333 0.4537037037037037 0.014583333333333334 0.044444444444444446
17 0.24010416666666667 0.4537037037037037 0.0140625 0.044444444444444446
68 0.2845052083333333 0.42476851851851855 0.020572916666666666 0.04398148148148148
68 0.40286458333333336 0.42453703703703705 0.0203125 0.044444444444444446
68 0.42604166666666665 0.42476851851851855 0.0203125 0.04398148148148148
68 0.35403645833333336 0.42407407407407405 0.020572916666666666 0.044444444444444446
119 0.869921875 0.31296296296296294 0.016927083333333332 0.08981481481481482
119 0.8841145833333334 0.3127314814814815 0.016145833333333335 0.09027777777777778
55 0.9809895833333333 0.3034722222222222 0.021875 0.1087962962962963
119 0.855859375 0.3122685185185185 0.01640625 0.09027777777777778
55 0.9951822916666667 0.3162037037037037 0.009114583333333334 0.0824074074074074
119 0.7509114583333333 0.31180555555555556 0.015885416666666666 0.09027777777777778
119 0.8247395833333333 0.31180555555555556 0.016666666666666666 0.09027777777777778
119 0.8399739583333333 0.31180555555555556 0.017447916666666667 0.09027777777777778
55 0.918359375 0.3025462962962963 0.021614583333333333 0.1087962962962963
55 0.9399739583333333 0.3025462962962963 0.021614583333333333 0.1087962962962963
16 0.08450520833333333 0.3053240740740741 0.03515625 0.10231481481481482
16 0.11861979166666667 0.3055555555555556 0.039322916666666666 0.10185185185185185
16 0.15208333333333332 0.30625 0.036458333333333336 0.10046296296296296
119 0.7654947916666667 0.3111111111111111 0.015885416666666666 0.09074074074074075
119 0.7807291666666667 0.3113425925925926 0.015625 0.09027777777777778
16 0.18580729166666668 0.30486111111111114 0.038802083333333334 0.10231481481481482
119 0.71875 0.3104166666666667 0.016666666666666666 0.0912037037037037
16 0.22122395833333333 0.30462962962962964 0.039322916666666666 0.10185185185185185
80 0.010546875 0.32037037037037036 0.02109375 0.06666666666666667
20 0.3890625 0.3122685185185185 0.028125 0.08194444444444444
20 0.4200520833333333 0.3125 0.028125 0.08148148148148149
119 0.7109375 0.30648148148148147 0.0005208333333333333 0.005555555555555556
21 0.5903645833333333 0.3164351851851852 0.026041666666666668 0.07268518518518519
21 0.6549479166666666 0.31550925925925927 0.025520833333333333 0.07453703703703704
21 0.6229166666666667 0.3148148148148148 0.025520833333333333 0.075
102 0.4080729166666667 0.009259259259259259 0.013020833333333334 0.018518518518518517
102 0.26927083333333335 0.010185185185185186 0.013541666666666667 0.020370370370370372
121 0.8609375 0.012037037037037037 0.014583333333333334 0.024074074074074074
30 0.9809895833333333 0.013425925925925926 0.0375 0.026851851851851852
5 0.9604166666666667 0.08425925925925926 0.016666666666666666 0.03611111111111111
60 0.024739583333333332 0.09444444444444444 0.016145833333333335 0.05740740740740741
126 0.21888020833333333 0.09375 0.016927083333333332 0.06620370370370371
126 0.18567708333333333 0.09444444444444444 0.0171875 0.06574074074074074
126 0.16770833333333332 0.09490740740740741 0.0171875 0.06574074074074074
126 0.13372395833333334 0.09537037037037037 0.017447916666666667 0.06574074074074074
126 0.07838541666666667 0.09699074074074074 0.0171875 0.06527777777777778
31 0.3899739583333333 0.09699074074074074 0.03411458333333333 0.06805555555555555
31 0.3203125 0.09722222222222222 0.034375 0.06851851851851852
83 0.8717447916666666 0.09814814814814815 0.03515625 0.06851851851851852
39 0.6053385416666667 0.10486111111111111 0.03046875 0.06157407407407407
39 0.4993489583333333 0.1050925925925926 0.03046875 0.062037037037037036
5 0.9923177083333333 0.1259259259259259 0.01484375 0.04722222222222222
39 0.631640625 0.1574074074074074 0.03046875 0.062037037037037036
39 0.5977864583333333 0.15763888888888888 0.03046875 0.06157407407407407
39 0.53125 0.15856481481481483 0.030729166666666665 0.060648148148148145
31 0.4029947916666667 0.15416666666666667 0.03411458333333333 0.06944444444444445
83 0.7247395833333333 0.1574074074074074 0.021354166666666667 0.06388888888888888
126 0.22643229166666667 0.15648148148148147 0.016927083333333332 0.06759259259259259
83 0.7970052083333333 0.15763888888888888 0.03463541666666667 0.06620370370370371
126 0.19127604166666667 0.15694444444444444 0.016927083333333332 0.06759259259259259
126 0.173046875 0.15810185185185185 0.016927083333333332 0.06712962962962964
126 0.1375 0.15856481481481483 0.0171875 0.06620370370370371
126 0.10286458333333333 0.15856481481481483 0.0171875 0.06712962962962964
101 0.6333333333333333 0.47847222222222224 0.013020833333333334 0.07268518518518519
10 0.5994791666666667 0.6180555555555556 0.015104166666666667 0.06851851851851852
10 0.5204427083333333 0.6185185185185185 0.014322916666666666 0.06851851851851852
125 0.07682291666666667 0.625462962962963 0.016666666666666666 0.06018518518518518
54 0.010807291666666666 0.6217592592592592 0.021614583333333333 0.06944444444444445
125 0.10872395833333333 0.6270833333333333 0.01640625 0.060648148148148145
125 0.20364583333333333 0.6273148148148148 0.016145833333333335 0.06111111111111111
125 0.15625 0.6275462962962963 0.016145833333333335 0.060648148148148145
125 0.232421875 0.6280092592592592 0.015885416666666666 0.060648148148148145
34 0.9498697916666666 0.6717592592592593 0.032552083333333336 0.07037037037037037
125 0.080078125 0.6810185185185185 0.01640625 0.05462962962962963
125 0.128515625 0.68125 0.01640625 0.055092592592592596
125 0.17643229166666666 0.6817129629629629 0.015885416666666666 0.056018518518518516
10 0.6700520833333333 0.6768518518518518 0.015625 0.06666666666666667
38 0.3802083333333333 0.6548611111111111 0.021354166666666667 0.11064814814814815
125 0.2421875 0.680324074074074 0.015625 0.059722222222222225
125 0.22526041666666666 0.6805555555555556 0.015625 0.05925925925925926
10 0.6361979166666667 0.6770833333333334 0.015625 0.06712962962962964
10 0.5391927083333333 0.6775462962962963 0.014322916666666666 0.06620370370370371
10 0.505859375 0.6787037037037037 0.014322916666666666 0.06388888888888888
38 0.4276041666666667 0.6553240740740741 0.020833333333333332 0.11064814814814815
125 0.208984375 0.6819444444444445 0.015885416666666666 0.05740740740740741
38 0.30950520833333334 0.655787037037037 0.022135416666666668 0.11064814814814815
10 0.6194010416666667 0.6780092592592593 0.015364583333333333 0.06712962962962964
10 0.588671875 0.6782407407407407 0.01484375 0.06666666666666667
10 0.48984375 0.6798611111111111 0.0140625 0.06342592592592593
22 0.851171875 0.6782407407407407 0.015885416666666666 0.06759259259259259
58 0.015364583333333333 0.480787037037037 0.014583333333333334 0.06435185185185185
17 0.210546875 0.49189814814814814 0.014322916666666666 0.04212962962962963
88 0.9962239583333333 0.4722222222222222 0.00703125 0.08055555555555556
68 0.287890625 0.49166666666666664 0.020572916666666666 0.03981481481481482
68 0.40078125 0.45925925925925926 0.0203125 0.040740740740740744
68 0.309765625 0.45925925925925926 0.020572916666666666 0.03981481481481482
17 0.21080729166666667 0.4546296296296296 0.014322916666666666 0.044444444444444446
77 0.6177083333333333 0.009027777777777777 0.019270833333333334 0.018055555555555554
102 0.33111979166666666 0.009953703703703704 0.01328125 0.01990740740740741
12 0.21705729166666668 0.010648148148148148 0.01953125 0.021296296296296296
121 0.72890625 0.01087962962962963 0.014583333333333334 0.02175925925925926
12 0.16940104166666667 0.011342592592592593 0.01953125 0.022685185185185187
12 0.1046875 0.012268518518518519 0.019270833333333334 0.024537037037037038
63 0.011458333333333333 0.013194444444444444 0.022916666666666665 0.02638888888888889
5 0.9278645833333333 0.08356481481481481 0.016666666666666666 0.03657407407407407
5 0.9770833333333333 0.0849537037037037 0.016666666666666666 0.03657407407407407
31 0.28411458333333334 0.09699074074074074 0.033854166666666664 0.06805555555555555
83 0.7602864583333333 0.09652777777777778 0.03463541666666667 0.0699074074074074
5 0.9432291666666667 0.12407407407407407 0.016666666666666666 0.04814814814814815
5 0.9759114583333334 0.12453703703703704 0.016927083333333332 0.04814814814814815
31 0.438671875 0.15347222222222223 0.03411458333333333 0.06898148148148148
31 0.32734375 0.1537037037037037 0.033854166666666664 0.06851851851851852
126 0.08424479166666667 0.1587962962962963 0.017447916666666667 0.06666666666666667
5 0.9421875 0.1699074074074074 0.016666666666666666 0.04814814814814815
5 0.9912760416666667 0.17037037037037037 0.016927083333333332 0.049074074074074076
5 0.9740885416666667 0.1701388888888889 0.016927083333333332 0.04953703703703704
20 0.37799479166666666 0.2571759259259259 0.02421875 0.05324074074074074
22 0.8838541666666667 0.607175925925926 0.016145833333333335 0.07546296296296297
22 0.808984375 0.6076388888888888 0.015885416666666666 0.07546296296296297
22 0.7330729166666666 0.6074074074074074 0.015104166666666667 0.07592592592592592
22 0.841015625 0.6085648148148148 0.015885416666666666 0.07546296296296297
22 0.7763020833333333 0.6083333333333333 0.015104166666666667 0.07592592592592592
22 0.7618489583333333 0.6087962962962963 0.015364583333333333 0.07592592592592592
10 0.664453125 0.6173611111111111 0.015885416666666666 0.06805555555555555
10 0.6305989583333333 0.6180555555555556 0.015364583333333333 0.06851851851851852
34 0.989453125 0.6185185185185185 0.020572916666666666 0.0712962962962963
34 0.92109375 0.6199074074074075 0.03333333333333333 0.0712962962962963
34 0.9841145833333333 0.6722222222222223 0.03125 0.07037037037037037
125 0.16002604166666667 0.6824074074074075 0.015885416666666666 0.053703703703703705
10 0.5567708333333333 0.6773148148148148 0.014583333333333334 0.06666666666666667
22 0.80703125 0.6761574074074074 0.015625 0.07083333333333333
22 0.79140625 0.6756944444444445 0.015104166666666667 0.07175925925925926
22 0.879296875 0.6773148148148148 0.015885416666666666 0.06944444444444445
22 0.8375 0.6782407407407407 0.015625 0.06759259259259259
22 0.76171875 0.6759259259259259 0.015104166666666667 0.07222222222222222
101 0.51953125 0.47824074074074074 0.0125 0.07222222222222222
101 0.5760416666666667 0.47800925925925924 0.013020833333333334 0.07268518518518519
68 0.374609375 0.493287037037037 0.020052083333333335 0.0412037037037037
17 0.16796875 0.49212962962962964 0.014583333333333334 0.04259259259259259
17 0.196484375 0.4925925925925926 0.014322916666666666 0.041666666666666664
58 0.04049479166666667 0.480787037037037 0.014322916666666666 0.06435185185185185
17 0.12447916666666667 0.4912037037037037 0.014583333333333334 0.04351851851851852
17 0.15377604166666667 0.4912037037037037 0.014322916666666666 0.04351851851851852
17 0.23802083333333332 0.4914351851851852 0.0140625 0.043055555555555555
17 0.0953125 0.4925925925925926 0.014583333333333334 0.03981481481481482
88 0.9102864583333333 0.4664351851851852 0.023177083333333334 0.09212962962962963
58 0.0049479166666666664 0.48009259259259257 0.009895833333333333 0.06388888888888888
17 0.15013020833333332 0.45416666666666666 0.01484375 0.044444444444444446
68 0.308203125 0.42407407407407405 0.020572916666666666 0.04351851851851852
55 0.9609375 0.3034722222222222 0.021875 0.1087962962962963
119 0.809765625 0.31157407407407406 0.015885416666666666 0.09074074074074075
20 0.28658854166666664 0.3125 0.028385416666666666 0.07962962962962963
77 0.49765625 0.008564814814814815 0.019270833333333334 0.01712962962962963
77 0.648828125 0.008796296296296297 0.01953125 0.017592592592592594
77 0.5569010416666667 0.008796296296296297 0.01953125 0.017592592592592594
102 0.424609375 0.009259259259259259 0.01328125 0.018518518518518517
102 0.45625 0.00949074074074074 0.013020833333333334 0.01898148148148148
102 0.3765625 0.00949074074074074 0.013020833333333334 0.01898148148148148
121 0.7186197916666667 0.009722222222222222 0.0013020833333333333 0.019444444444444445
102 0.29921875 0.010185185185185186 0.013020833333333334 0.020370370370370372
121 0.7623697916666666 0.011111111111111112 0.01484375 0.022222222222222223
121 0.8104166666666667 0.011574074074074073 0.014583333333333334 0.023148148148148147
121 0.8438802083333333 0.011805555555555555 0.01484375 0.02361111111111111
12 0.1484375 0.011805555555555555 0.019270833333333334 0.02361111111111111
121 0.8932291666666666 0.0125 0.015104166666666667 0.025
121 0.8770833333333333 0.0125 0.015104166666666667 0.025
12 0.08216145833333334 0.0125 0.019010416666666665 0.025
31 0.42890625 0.09490740740740741 0.033854166666666664 0.06851851851851852
83 0.8338541666666667 0.09837962962962964 0.034895833333333334 0.0699074074074074
31 0.2869791666666667 0.15416666666666667 0.033854166666666664 0.06666666666666667
83 0.8736979166666666 0.1571759259259259 0.034895833333333334 0.06620370370370371
126 0.155859375 0.15787037037037038 0.016927083333333332 0.06666666666666667
20 0.4102864583333333 0.2564814814814815 0.02421875 0.05185185185185185
21 0.49921875 0.26064814814814813 0.025 0.06111111111111111
21 0.6341145833333334 0.26134259259259257 0.024479166666666666 0.06157407407407407
101 0.5626302083333333 0.4787037037037037 0.012760416666666666 0.07222222222222222
1 0.8598958333333333 0.4761574074074074 0.034375 0.07916666666666666
1 0.828125 0.4775462962962963 0.0359375 0.0763888888888889
1 0.76640625 0.4773148148148148 0.034375 0.07777777777777778
1 0.7358072916666667 0.47800925925925924 0.031510416666666666 0.0763888888888889
22 0.7923177083333334 0.6078703703703704 0.015364583333333333 0.07592592592592592
10 0.5049479166666667 0.6175925925925926 0.014583333333333334 0.06851851851851852
10 0.489453125 0.6185185185185185 0.014322916666666666 0.06851851851851852
125 0.12473958333333333 0.6259259259259259 0.016145833333333335 0.06018518518518518
125 0.2484375 0.6270833333333333 0.015625 0.060648148148148145
54 0.006510416666666667 0.6793981481481481 0.013020833333333334 0.04861111111111111
38 0.35572916666666665 0.655787037037037 0.021354166666666667 0.11064814814814815
22 0.7302083333333333 0.6780092592592593 0.015104166666666667 0.06898148148148148
101 0.61953125 0.47824074074074074 0.013020833333333334 0.07222222222222222
68 0.43971354166666665 0.49189814814814814 0.020052083333333335 0.04398148148148148
101 0.50546875 0.4777777777777778 0.0125 0.07222222222222222
101 0.5486979166666667 0.4777777777777778 0.0125 0.07222222222222222
101 0.5908854166666667 0.4777777777777778 0.013020833333333334 0.07222222222222222
101 0.6609375 0.4777777777777778 0.013541666666666667 0.07222222222222222
68 0.3299479166666667 0.4930555555555556 0.0203125 0.040740740740740744
17 0.13932291666666666 0.4909722222222222 0.014583333333333334 0.04398148148148148
68 0.39622395833333335 0.49166666666666664 0.01953125 0.04259259259259259
88 0.935546875 0.4666666666666667 0.029427083333333333 0.09166666666666666
68 0.33229166666666665 0.46087962962962964 0.0203125 0.03935185185185185
68 0.448828125 0.4597222222222222 0.020052083333333335 0.03981481481481482
68 0.3763020833333333 0.4585648148148148 0.0203125 0.0412037037037037
17 0.10729166666666666 0.4550925925925926 0.014583333333333334 0.044444444444444446
17 0.13489583333333333 0.4546296296296296 0.014583333333333334 0.044444444444444446
17 0.22486979166666668 0.4546296296296296 0.014322916666666666 0.044444444444444446
17 0.18020833333333333 0.45439814814814816 0.014583333333333334 0.04398148148148148
68 0.330859375 0.4252314814814815 0.020052083333333335 0.04398148148148148
68 0.4498697916666667 0.42430555555555555 0.020052083333333335 0.04398148148148148
68 0.37864583333333335 0.4238425925925926 0.0203125 0.04398148148148148
119 0.7946614583333333 0.31180555555555556 0.01640625 0.09027777777777778
119 0.735546875 0.3106481481481482 0.01640625 0.09074074074074075
21 0.56171875 0.3178240740740741 0.0265625 0.07175925925925926