20 0.09817708333333333 0.004166666666666667 0.015104166666666667 0.008333333333333333
20 0.11966145833333333 0.004398148148148148 0.01640625 0.008796296296296297
20 0.08997395833333334 0.005092592592592593 0.0013020833333333333 0.010185185185185186
20 0.000390625 0.007175925925925926 0.00078125 0.010648148148148148
114 0.15247395833333333 0.006481481481481481 0.00859375 0.012962962962962963
20 0.020963541666666665 0.006481481481481481 0.005989583333333334 0.012962962962962963
20 0.04440104166666667 0.006944444444444444 0.005989583333333334 0.013888888888888888
114 0.2 0.007175925925925926 0.005729166666666666 0.014351851851851852
20 0.06848958333333334 0.007175925925925926 0.007291666666666667 0.014351851851851852
114 0.22552083333333334 0.007407407407407408 0.00625 0.014814814814814815
46 0.4329427083333333 0.00787037037037037 0.01640625 0.01574074074074074
114 0.14049479166666667 0.008101851851851851 0.016927083333333332 0.016203703703703703
114 0.16393229166666667 0.008333333333333333 0.016927083333333332 0.016666666666666666
46 0.33489583333333334 0.008564814814814815 0.016666666666666666 0.01712962962962963
20 0.03216145833333333 0.008564814814814815 0.018489583333333334 0.01712962962962963
114 0.22083333333333333 0.008796296296296297 0.0046875 0.017592592592592594
46 0.423828125 0.009027777777777777 0.00234375 0.018055555555555554
20 0.05559895833333333 0.009027777777777777 0.018489583333333334 0.018055555555555554
20 0.080078125 0.009259259259259259 0.018489583333333334 0.018518518518518517
114 0.26484375 0.009722222222222222 0.0140625 0.019444444444444445
46 0.30221354166666664 0.009953703703703704 0.006510416666666667 0.01990740740740741
31 0.6911458333333333 0.010648148148148148 0.008854166666666666 0.021296296296296296
46 0.35325520833333335 0.010648148148148148 0.02109375 0.021296296296296296
114 0.18346354166666667 0.010648148148148148 0.01796875 0.021296296296296296
46 0.418359375 0.011342592592592593 0.009114583333333334 0.022685185185185187
114 0.23450520833333333 0.011342592592592593 0.013802083333333333 0.022685185185185187
31 0.6578125 0.012037037037037037 0.005729166666666666 0.024074074074074074
46 0.28815104166666666 0.012037037037037037 0.022135416666666668 0.024074074074074074
46 0.31549479166666666 0.0125 0.022135416666666668 0.025
9 0.5348958333333333 0.012962962962962963 0.003125 0.025925925925925925
9 0.47877604166666665 0.013425925925925926 0.00234375 0.026851851851851852
46 0.403125 0.013657407407407408 0.022395833333333334 0.027314814814814816
9 0.5305989583333334 0.01412037037037037 0.005989583333333334 0.02824074074074074
9 0.4532552083333333 0.014583333333333334 0.015364583333333333 0.029166666666666667
9 0.5813802083333334 0.014814814814814815 0.0049479166666666664 0.02962962962962963
9 0.4703125 0.014814814814814815 0.015104166666666667 0.02962962962962963
9 0.5041666666666667 0.015277777777777777 0.015104166666666667 0.030555555555555555
9 0.5713541666666667 0.01597222222222222 0.015625 0.03194444444444444
64 0.8283854166666667 0.016898148148148148 0.0015625 0.033796296296296297
31 0.6755208333333333 0.01712962962962963 0.024479166666666666 0.03425925925925926
64 0.9048177083333333 0.019444444444444445 0.002864583333333333 0.03888888888888889
64 0.8352864583333334 0.019675925925925927 0.01484375 0.03935185185185185
64 0.9463541666666667 0.01990740740740741 0.0171875 0.03981481481481482
64 0.8971354166666666 0.020370370370370372 0.015625 0.040740740740740744
64 0.929296875 0.020833333333333332 0.016927083333333332 0.041666666666666664
64 0.9622395833333334 0.021296296296296296 0.016666666666666666 0.04259259259259259
64 0.977734375 0.021527777777777778 0.017447916666666667 0.043055555555555555
99 0.48736979166666666 0.08217592592592593 0.00859375 0.024537037037037038
40 0.18463541666666666 0.08680555555555555 0.007291666666666667 0.018055555555555554
40 0.23046875 0.08935185185185185 0.009375 0.020370370370370372
99 0.536328125 0.08819444444444445 0.012760416666666666 0.02638888888888889
99 0.5973958333333333 0.09004629629629629 0.011458333333333333 0.02638888888888889
70 0.8696614583333333 0.10555555555555556 0.00859375 0.006481481481481481
78 0.35390625 0.10462962962962963 0.025 0.012962962962962963
76 0.036848958333333334 0.10833333333333334 0.017447916666666667 0.006481481481481481
78 0.31640625 0.10949074074074074 0.025 0.0125
76 0.09479166666666666 0.11203703703703703 0.017708333333333333 0.009259259259259259
76 0.076171875 0.11388888888888889 0.01796875 0.014814814814814815
78 0.43828125 0.10486111111111111 0.015104166666666667 0.006944444444444444
70 0.951953125 0.11550925925925926 0.00859375 0.020833333333333332
70 0.9354166666666667 0.1162037037037037 0.008854166666666666 0.023148148148148147
70 0.884765625 0.11527777777777778 0.010677083333333334 0.025
70 0.9190104166666667 0.1162037037037037 0.008854166666666666 0.024074074074074074
57 0.678125 0.12199074074074075 0.008854166666666666 0.024537037037037038
57 0.664453125 0.12175925925925926 0.00859375 0.025
76 0.04453125 0.12708333333333333 0.0171875 0.034722222222222224
76 0.10130208333333333 0.12962962962962962 0.017708333333333333 0.03518518518518519
76 0.092578125 0.1337962962962963 0.018489583333333334 0.03611111111111111
40 0.15677083333333333 0.11435185185185186 0.013541666666666667 0.07592592592592592
78 0.37395833333333334 0.12986111111111112 0.024479166666666666 0.04953703703703704
76 0.05807291666666667 0.13773148148148148 0.019270833333333334 0.03657407407407407
67 0.4884114583333333 0.4136574074074074 0.012760416666666666 0.0125
74 0.4342447916666667 0.3958333333333333 0.025260416666666667 0.05092592592592592
48 0.17330729166666667 0.3819444444444444 0.013802083333333333 0.0787037037037037
48 0.1984375 0.38333333333333336 0.008333333333333333 0.07685185185185185
48 0.2727864583333333 0.38310185185185186 0.012239583333333333 0.07916666666666666
74 0.311328125 0.3993055555555556 0.02578125 0.05138888888888889
48 0.13645833333333332 0.38564814814814813 0.015104166666666667 0.07962962962962963
48 0.23919270833333334 0.38773148148148145 0.00859375 0.08009259259259259
74 0.36953125 0.4046296296296296 0.025520833333333333 0.05185185185185185
48 0.191015625 0.3905092592592593 0.01484375 0.08009259259259259
74 0.3990885416666667 0.4060185185185185 0.02578125 0.05185185185185185
48 0.21796875 0.3925925925925926 0.014583333333333334 0.08055555555555556
48 0.2688802083333333 0.40578703703703706 0.0033854166666666668 0.0587962962962963
74 0.35247395833333334 0.4162037037037037 0.026302083333333334 0.05277777777777778
67 0.489453125 0.43148148148148147 0.012760416666666666 0.03518518518518519
67 0.5317708333333333 0.43495370370370373 0.013020833333333334 0.03564814814814815
67 0.51328125 0.44004629629629627 0.013020833333333334 0.03564814814814815
51 0.6294270833333333 0.412962962962963 0.0171875 0.09259259259259259
51 0.7704427083333333 0.41597222222222224 0.01328125 0.09027777777777778
51 0.7001302083333333 0.41805555555555557 0.013802083333333333 0.09259259259259259
67 0.5869791666666667 0.44675925925925924 0.013541666666666667 0.03611111111111111
51 0.7587239583333333 0.4224537037037037 0.012760416666666666 0.09398148148148149
51 0.6484375 0.42291666666666666 0.017708333333333333 0.09398148148148149
51 0.6854166666666667 0.425462962962963 0.017708333333333333 0.09444444444444444
51 0.7276041666666667 0.4289351851851852 0.018229166666666668 0.09490740740740741
58 0.832421875 0.44814814814814813 0.010677083333333334 0.05648148148148148
83 0.07942708333333333 0.4699074074074074 0.024479166666666666 0.019444444444444445
58 0.8809895833333333 0.45185185185185184 0.0125 0.05648148148148148
58 0.9204427083333333 0.45532407407407405 0.012239583333333333 0.05787037037037037
58 0.8567708333333334 0.4576388888888889 0.0125 0.06157407407407407
58 0.9592447916666667 0.45925925925925926 0.012760416666666666 0.05925925925925926
58 0.9212239583333334 0.46273148148148147 0.012760416666666666 0.06157407407407407
58 0.960546875 0.46620370370370373 0.01328125 0.062037037037037036
83 0.086328125 0.49050925925925926 0.024739583333333332 0.029166666666666667
83 0.12981770833333334 0.48912037037037037 0.02421875 0.04675925925925926
83 0.0484375 0.5013888888888889 0.025520833333333333 0.03148148148148148
54 0.22421875 0.5050925925925925 0.021875 0.040740740740740744
54 0.29205729166666666 0.5136574074074074 0.022135416666666668 0.04490740740740741
54 0.16783854166666667 0.5145833333333333 0.022135416666666668 0.04490740740740741
88 0.8983072916666667 0.6192129629629629 0.024739583333333332 0.0875
88 0.8588541666666667 0.5997685185185185 0.024479166666666666 0.08564814814814815
23 0.658984375 0.6094907407407407 0.025260416666666667 0.05324074074074074
86 0.5809895833333333 0.5974537037037037 0.013020833333333334 0.06435185185185185
88 0.925 0.5891203703703703 0.0203125 0.07916666666666666
23 0.7485677083333333 0.6027777777777777 0.02578125 0.05092592592592592
86 0.534765625 0.5928240740740741 0.012760416666666666 0.06435185185185185
86 0.5063802083333333 0.5895833333333333 0.012760416666666666 0.06342592592592593
86 0.5846354166666666 0.5888888888888889 0.010416666666666666 0.06296296296296296
86 0.491796875 0.5877314814814815 0.012760416666666666 0.06342592592592593
86 0.5442708333333334 0.5849537037037037 0.0109375 0.06342592592592593
23 0.6618489583333333 0.5921296296296297 0.024739583333333332 0.049074074074074076
86 0.4446614583333333 0.5826388888888889 0.012760416666666666 0.06342592592592593
88 0.8087239583333333 0.5763888888888888 0.02265625 0.075
86 0.5157552083333333 0.5819444444444445 0.01015625 0.06296296296296296
65 0.3919270833333333 0.58125 0.0109375 0.056018518518518516
86 0.4734375 0.5777777777777777 0.0125 0.06296296296296296
86 0.46041666666666664 0.5763888888888888 0.0125 0.06296296296296296
65 0.3567708333333333 0.5777777777777777 0.0109375 0.05555555555555555
88 0.80546875 0.5659722222222222 0.01875 0.07916666666666666
65 0.33515625 0.575 0.0109375 0.05555555555555555
65 0.40703125 0.575 0.009375 0.05462962962962963
86 0.465625 0.5685185185185185 0.008333333333333333 0.062037037037037036
65 0.287890625 0.5701388888888889 0.011197916666666667 0.055092592592592596
65 0.3483072916666667 0.5627314814814814 0.009114583333333334 0.0412037037037037
65 0.3145833333333333 0.5662037037037037 0.008854166666666666 0.05462962962962963
65 0.2911458333333333 0.5636574074074074 0.008854166666666666 0.05416666666666667
23 0.696875 0.5657407407407408 0.023958333333333335 0.049074074074074076
54 0.18229166666666666 0.5604166666666667 0.023958333333333335 0.04861111111111111
86 0.49270833333333336 0.5594907407407408 0.010416666666666666 0.038425925925925926
23 0.7209635416666667 0.5682870370370371 0.024739583333333332 0.020833333333333332
54 0.24153645833333334 0.5513888888888889 0.023177083333333334 0.04722222222222222
23 0.7190104166666667 0.5520833333333334 0.023958333333333335 0.04490740740740741
83 0.041276041666666666 0.5428240740740741 0.026822916666666665 0.052314814814814814
23 0.66484375 0.5462962962962963 0.0234375 0.04351851851851852
83 0.088671875 0.5298611111111111 0.026302083333333334 0.05138888888888889
54 0.280859375 0.5266203703703703 0.02109375 0.04583333333333333
83 0.12513020833333333 0.5175925925925926 0.025260416666666667 0.05
54 0.22825520833333332 0.5266203703703703 0.02265625 0.03009259259259259
48 0.17799479166666668 0.3763888888888889 0.00859375 0.07777777777777778
46 0.009114583333333334 0.38842592592592595 0.018229166666666668 0.04814814814814815
51 0.69296875 0.38634259259259257 0.010416666666666666 0.043055555555555555
46 0.04440104166666667 0.37916666666666665 0.024739583333333332 0.04722222222222222
51 0.6548177083333333 0.381712962962963 0.011197916666666667 0.03935185185185185
51 0.7046875 0.381712962962963 0.015104166666666667 0.031018518518518518
46 0.06106770833333333 0.3685185185185185 0.02421875 0.046296296296296294
74 0.34869791666666666 0.37754629629629627 0.025 0.024537037037037038
46 0.12135416666666667 0.36319444444444443 0.022916666666666665 0.04583333333333333
51 0.6673177083333334 0.3699074074074074 0.0033854166666666668 0.013888888888888888
46 0.09869791666666666 0.3560185185185185 0.0234375 0.037037037037037035
48 0.21666666666666667 0.35324074074074074 0.009375 0.025925925925925925
46 0.05078125 0.3449074074074074 0.0234375 0.021296296296296296
67 0.942578125 0.3326388888888889 0.013802083333333333 0.03287037037037037
67 0.9010416666666666 0.3298611111111111 0.013541666666666667 0.03287037037037037
67 0.9592447916666667 0.32037037037037036 0.012760416666666666 0.01574074074074074
67 0.8709635416666667 0.3277777777777778 0.01328125 0.032407407407407406
67 0.8420572916666667 0.32592592592592595 0.01328125 0.032407407407407406
67 0.8557291666666667 0.3210648148148148 0.013020833333333334 0.03009259259259259
67 0.9013020833333333 0.3162037037037037 0.013020833333333334 0.01574074074074074
46 0.759375 0.3090277777777778 0.0265625 0.052314814814814814
67 0.812109375 0.3178240740740741 0.012760416666666666 0.03009259259259259
46 0.6981770833333333 0.3053240740740741 0.026041666666666668 0.05138888888888889
11 0.5106770833333333 0.2636574074074074 0.04375 0.11064814814814815
11 0.5569010416666667 0.26296296296296295 0.04348958333333333 0.10462962962962963
46 0.7513020833333334 0.28935185185185186 0.025520833333333333 0.049074074074074076
11 0.580078125 0.2601851851851852 0.004427083333333333 0.09444444444444444
85 0.24479166666666666 0.27361111111111114 0.0078125 0.05740740740740741
46 0.7256510416666667 0.2777777777777778 0.024739583333333332 0.046296296296296294
85 0.21354166666666666 0.27152777777777776 0.0125 0.05694444444444444
46 0.641015625 0.26481481481481484 0.024739583333333332 0.013888888888888888
85 0.20208333333333334 0.27060185185185187 0.011979166666666667 0.05694444444444444
85 0.17760416666666667 0.26875 0.0125 0.05694444444444444
54 0.36328125 0.2722222222222222 0.025520833333333333 0.05
46 0.6454427083333333 0.27314814814814814 0.02421875 0.04722222222222222
85 0.15338541666666666 0.2671296296296296 0.0125 0.05648148148148148
85 0.22005208333333334 0.2671296296296296 0.0109375 0.05648148148148148
85 0.12916666666666668 0.2657407407407407 0.0125 0.05648148148148148
11 0.5880208333333333 0.2537037037037037 0.0067708333333333336 0.08055555555555556
85 0.182421875 0.2650462962962963 0.008072916666666667 0.056018518518518516
66 0.09309895833333333 0.26342592592592595 0.012239583333333333 0.05648148148148148
66 0.08216145833333334 0.26296296296296295 0.012239583333333333 0.05648148148148148
85 0.13372395833333334 0.24791666666666667 0.007552083333333333 0.027314814814814816
66 0.04986979166666667 0.26087962962962963 0.012239583333333333 0.056018518518518516
66 0.10494791666666667 0.2599537037037037 0.011979166666666667 0.056018518518518516
54 0.31731770833333334 0.2604166666666667 0.025260416666666667 0.04861111111111111
66 0.03854166666666667 0.25578703703703703 0.011979166666666667 0.055092592592592596
85 0.14205729166666667 0.256712962962963 0.011197916666666667 0.05324074074074074
66 0.003515625 0.2534722222222222 0.00703125 0.055092592592592596
54 0.4069010416666667 0.2564814814814815 0.024739583333333332 0.04814814814814815
54 0.32721354166666666 0.2518518518518518 0.02421875 0.04722222222222222
46 0.751953125 0.26319444444444445 0.025260416666666667 0.013425925925925926
85 0.24231770833333333 0.25300925925925927 0.007552083333333333 0.02546296296296296
70 0.9467447916666667 0.15462962962962962 0.017447916666666667 0.08611111111111111
70 0.9579427083333333 0.15138888888888888 0.01015625 0.08518518518518518
70 0.9395833333333333 0.15046296296296297 0.0109375 0.08518518518518518
70 0.8373697916666667 0.1502314814814815 0.01640625 0.08472222222222223
70 0.921484375 0.14976851851851852 0.011197916666666667 0.08472222222222223
70 0.8654947916666667 0.1476851851851852 0.014322916666666666 0.08425925925925926
57 0.7330729166666666 0.1525462962962963 0.0140625 0.0699074074074074
70 0.90234375 0.1451388888888889 0.009895833333333333 0.0837962962962963
70 0.8165364583333333 0.1451388888888889 0.013802083333333333 0.08287037037037037
57 0.7006510416666667 0.1511574074074074 0.013802083333333333 0.0699074074074074
70 0.8513020833333333 0.14305555555555555 0.015104166666666667 0.08333333333333333
57 0.6567708333333333 0.14930555555555555 0.013541666666666667 0.06898148148148148
99 0.5795572916666667 0.13217592592592592 0.01796875 0.09675925925925925
57 0.7317708333333334 0.14722222222222223 0.0125 0.06574074074074074
57 0.6455729166666667 0.14560185185185184 0.013020833333333334 0.06805555555555555
99 0.495703125 0.1284722222222222 0.01796875 0.09583333333333334
57 0.6346354166666667 0.14166666666666666 0.010416666666666666 0.06759259259259259
99 0.45403645833333334 0.12731481481481483 0.01796875 0.09537037037037037
99 0.5848958333333333 0.12731481481481483 0.0125 0.09444444444444444
99 0.520703125 0.12546296296296297 0.017447916666666667 0.09444444444444444
78 0.409765625 0.14537037037037037 0.02734375 0.05277777777777778
99 0.48346354166666666 0.12361111111111112 0.01171875 0.09351851851851851
40 0.23125 0.125 0.015104166666666667 0.0787037037037037
78 0.3885416666666667 0.1372685185185185 0.025520833333333333 0.05138888888888889
40 0.16966145833333332 0.12222222222222222 0.015364583333333333 0.07777777777777778
40 0.23880208333333333 0.12129629629629629 0.008333333333333333 0.07777777777777778
40 0.19375 0.11967592592592592 0.013020833333333334 0.07731481481481481
31 0.661328125 0.009953703703703704 0.0033854166666666668 0.01990740740740741
31 0.720703125 0.0125 0.0018229166666666667 0.025
9 0.5122395833333333 0.0125 0.0010416666666666667 0.025
9 0.49583333333333335 0.013657407407407408 0.0015625 0.027314814814814816
31 0.6442708333333333 0.014351851851851852 0.023958333333333335 0.028703703703703703
9 0.5592447916666666 0.014583333333333334 0.009114583333333334 0.029166666666666667
9 0.6013020833333333 0.015046296296296295 0.005208333333333333 0.03009259259259259
9 0.5201822916666666 0.015509259259259259 0.015364583333333333 0.031018518518518518
31 0.7645833333333333 0.01597222222222222 0.009375 0.03194444444444444
64 0.8434895833333333 0.018518518518518517 0.004166666666666667 0.037037037037037035
31 0.7819010416666666 0.018518518518518517 0.025260416666666667 0.037037037037037035
64 0.8893229166666666 0.019212962962962963 0.003125 0.038425925925925926
64 0.8216145833333334 0.019444444444444445 0.014583333333333334 0.03888888888888889
64 0.920703125 0.019675925925925927 0.0033854166666666668 0.03935185185185185
64 0.9697916666666667 0.01990740740740741 0.0020833333333333333 0.03981481481481482
64 0.866015625 0.02013888888888889 0.015364583333333333 0.04027777777777778
64 0.9126302083333333 0.02060185185185185 0.015885416666666666 0.0412037037037037
99 0.5032552083333334 0.08472222222222223 0.012239583333333333 0.022222222222222223
76 0.00234375 0.12986111111111112 0.0046875 0.034722222222222224
78 0.344140625 0.12893518518518518 0.025260416666666667 0.04953703703703704
48 0.23229166666666667 0.39351851851851855 0.014583333333333334 0.08055555555555556
67 0.5326822916666667 0.4273148148148148 0.012760416666666666 0.03333333333333333
67 0.572265625 0.44537037037037036 0.01328125 0.03611111111111111
83 0.06354166666666666 0.48726851851851855 0.024479166666666666 0.02824074074074074
83 0.10546875 0.48657407407407405 0.024479166666666666 0.04722222222222222
54 0.20052083333333334 0.5046296296296297 0.021875 0.041666666666666664
54 0.24518229166666666 0.5076388888888889 0.018489583333333334 0.04027777777777778
83 0.023958333333333335 0.5074074074074074 0.025520833333333333 0.05
54 0.15481770833333333 0.5194444444444445 0.02265625 0.02962962962962963
86 0.5209635416666667 0.5907407407407408 0.012760416666666666 0.06388888888888888
65 0.4041666666666667 0.5821759259259259 0.0109375 0.056018518518518516
65 0.380078125 0.5796296296296296 0.010677083333333334 0.05555555555555555
65 0.36796875 0.5787037037037037 0.0109375 0.05555555555555555
65 0.34609375 0.5768518518518518 0.0109375 0.05555555555555555
65 0.3944010416666667 0.5738425925925926 0.009635416666666667 0.05416666666666667
65 0.35963541666666665 0.5708333333333333 0.008854166666666666 0.05462962962962963
86 0.451953125 0.5668981481481481 0.009114583333333334 0.06157407407407407
88 0.900390625 0.5719907407407407 0.023177083333333334 0.04953703703703704
65 0.276953125 0.5689814814814815 0.010677083333333334 0.05462962962962963
65 0.3372395833333333 0.5685185185185185 0.009375 0.053703703703703705
65 0.30377604166666666 0.5645833333333333 0.01015625 0.05416666666666667
54 0.20703125 0.562962962962963 0.023958333333333335 0.04814814814814815
23 0.6381510416666667 0.5594907407407408 0.023697916666666666 0.04861111111111111
54 0.15768229166666667 0.5574074074074075 0.023697916666666666 0.04814814814814815
54 0.217578125 0.549074074074074 0.023177083333333334 0.04722222222222222
54 0.24778645833333332 0.5377314814814815 0.015364583333333333 0.04675925925925926
83 0.0013020833333333333 0.5363425925925925 0.0026041666666666665 0.04490740740740741
83 0.09869791666666666 0.5152777777777777 0.025520833333333333 0.05
48 0.155859375 0.3594907407407407 0.007552083333333333 0.03564814814814815
48 0.19075520833333334 0.3527777777777778 0.009114583333333334 0.028703703703703703
48 0.24375 0.34976851851851853 0.0078125 0.015277777777777777
67 0.8127604166666667 0.3236111111111111 0.013020833333333334 0.032407407407407406
46 0.640234375 0.2912037037037037 0.025260416666666667 0.049074074074074076
85 0.23580729166666667 0.2726851851851852 0.012239583333333333 0.05740740740740741
66 0.07096354166666667 0.25787037037037036 0.012239583333333333 0.05555555555555555
70 0.8919270833333334 0.1525462962962963 0.016666666666666666 0.08564814814814815
70 0.976171875 0.15185185185185185 0.01015625 0.08518518518518518
40 0.21640625 0.12384259259259259 0.015104166666666667 0.07824074074074074
31 0.7404947916666667 0.013425925925925926 0.023697916666666666 0.026851851851851852
76 0.027473958333333333 0.11319444444444444 0.016927083333333332 0.00787037037037037
48 0.21145833333333333 0.38333333333333336 0.0078125 0.075
46 0.10611979166666667 0.3972222222222222 0.025260416666666667 0.049074074074074076
48 0.16302083333333334 0.38842592592592595 0.015104166666666667 0.07962962962962963
74 0.38450520833333335 0.4185185185185185 0.026302083333333334 0.05277777777777778
67 0.4822916666666667 0.4377314814814815 0.013020833333333334 0.03564814814814815
67 0.5911458333333334 0.44004629629629627 0.013020833333333334 0.03564814814814815
88 0.9217447916666667 0.607175925925926 0.022135416666666668 0.08657407407407407
23 0.7221354166666667 0.6166666666666667 0.025520833333333333 0.053703703703703705
23 0.690625 0.6127314814814815 0.025520833333333333 0.05324074074074074
88 0.8337239583333333 0.5967592592592592 0.02421875 0.08425925925925926
88 0.9455729166666667 0.5949074074074074 0.021875 0.08518518518518518
88 0.8553385416666667 0.5842592592592593 0.021614583333333333 0.08148148148148149
86 0.594140625 0.5902777777777778 0.007552083333333333 0.06388888888888888
86 0.5716145833333334 0.5877314814814815 0.010416666666666666 0.06342592592592593
88 0.9153645833333334 0.5773148148148148 0.0171875 0.0824074074074074
23 0.6311197916666667 0.5900462962962963 0.024739583333333332 0.05138888888888889
86 0.5295572916666667 0.5835648148148148 0.009114583333333334 0.06342592592592593
65 0.415625 0.5840277777777778 0.0109375 0.056018518518518516
86 0.4484375 0.5745370370370371 0.010416666666666666 0.062037037037037036
86 0.4791666666666667 0.5703703703703704 0.008854166666666666 0.062037037037037036
23 0.6915364583333333 0.5819444444444445 0.025260416666666667 0.022222222222222223
23 0.6901041666666666 0.5736111111111111 0.024479166666666666 0.03796296296296296
23 0.724609375 0.5678240740740741 0.02421875 0.047685185185185185
23 0.6684895833333333 0.5625 0.023958333333333335 0.049074074074074076
86 0.5169270833333334 0.55625 0.010416666666666666 0.02638888888888889
23 0.6923177083333333 0.5409722222222222 0.023697916666666666 0.03009259259259259
46 0.03216145833333333 0.3909722222222222 0.025260416666666667 0.04861111111111111
46 0.06927083333333334 0.381712962962963 0.024479166666666666 0.047685185185185185
51 0.7497395833333333 0.38587962962962963 0.013020833333333334 0.033796296296296297
46 0.018489583333333334 0.37777777777777777 0.025 0.04722222222222222
74 0.40520833333333334 0.3821759259259259 0.025 0.02638888888888889
46 0.0875 0.37060185185185185 0.023958333333333335 0.04583333333333333
67 0.8701822916666667 0.3215277777777778 0.01328125 0.03009259259259259
11 0.5834635416666667 0.2571759259259259 0.00390625 0.0875
85 0.20690104166666667 0.25046296296296294 0.007552083333333333 0.025
66 0.014192708333333333 0.23912037037037037 0.00859375 0.024537037037037038
70 0.9815104166666667 0.15625 0.017708333333333333 0.08657407407407407
57 0.6858072916666667 0.15092592592592594 0.013802083333333333 0.06944444444444445
57 0.7040364583333333 0.1474537037037037 0.01015625 0.06805555555555555
99 0.54296875 0.12569444444444444 0.0125 0.09398148148148149
9 0.5440104166666667 0.014351851851851852 0.015104166666666667 0.028703703703703703
64 0.8736979166666666 0.01898148148148148 0.0026041666666666665 0.03796296296296296
76 0.013671875 0.13055555555555556 0.018489583333333334 0.03518518518518519
46 0.080859375 0.39560185185185187 0.025260416666666667 0.04861111111111111
48 0.18489583333333334 0.38310185185185186 0.009375 0.07916666666666666
48 0.22513020833333333 0.38657407407407407 0.008072916666666667 0.07962962962962963
48 0.14986979166666667 0.387037037037037 0.014322916666666666 0.07962962962962963
74 0.34127604166666664 0.40162037037037035 0.02578125 0.05138888888888889
48 0.2046875 0.39166666666666666 0.014583333333333334 0.08055555555555556
48 0.24661458333333333 0.39467592592592593 0.011458333333333333 0.08101851851851852
74 0.2981770833333333 0.41226851851851853 0.026041666666666668 0.052314814814814814
67 0.47434895833333335 0.4238425925925926 0.012760416666666666 0.034722222222222224
67 0.45846354166666664 0.4287037037037037 0.012760416666666666 0.03518518518518519
74 0.414453125 0.4217592592592593 0.026302083333333334 0.053703703703703705
67 0.5040364583333333 0.43287037037037035 0.012760416666666666 0.03518518518518519
67 0.5173177083333333 0.43425925925925923 0.012760416666666666 0.03518518518518519
67 0.4529947916666667 0.4354166666666667 0.01328125 0.03564814814814815
67 0.5462239583333334 0.4363425925925926 0.012760416666666666 0.03564814814814815
67 0.49765625 0.4388888888888889 0.013020833333333334 0.03611111111111111
67 0.5576822916666667 0.4444444444444444 0.01328125 0.03611111111111111
51 0.6662760416666667 0.42453703703703705 0.017447916666666667 0.09444444444444444
58 0.8072916666666666 0.43171296296296297 0.0109375 0.02824074074074074
51 0.706640625 0.42685185185185187 0.01796875 0.09444444444444444
58 0.8580729166666666 0.45046296296296295 0.0109375 0.05740740740740741
54 0.274609375 0.49907407407407406 0.009114583333333334 0.017592592592592594
83 0.07291666666666667 0.512962962962963 0.025520833333333333 0.05
23 0.753125 0.6196759259259259 0.026041666666666668 0.05416666666666667
65 0.3821614583333333 0.5729166666666666 0.009635416666666667 0.05416666666666667
65 0.29934895833333336 0.5712962962962963 0.011197916666666667 0.05462962962962963
83 0.06067708333333333 0.5266203703703703 0.026041666666666668 0.05138888888888889
48 0.14153645833333334 0.37962962962962965 0.007552083333333333 0.0787037037037037
74 0.3221354166666667 0.3872685185185185 0.025 0.04953703703703704
74 0.376953125 0.37916666666666665 0.025260416666666667 0.025925925925925925
48 0.203515625 0.35185185185185186 0.009114583333333334 0.025
48 0.24921875 0.35208333333333336 0.0020833333333333333 0.0060185185185185185
48 0.23072916666666668 0.35162037037037036 0.008854166666666666 0.02175925925925926
46 0.14296875 0.3488425925925926 0.019791666666666666 0.014351851851851852
67 0.9559895833333333 0.3335648148148148 0.0140625 0.03287037037037037
67 0.931640625 0.32685185185185184 0.013802083333333333 0.032407407407407406
54 0.35651041666666666 0.2826388888888889 0.026041666666666668 0.05138888888888889
57 0.780078125 0.15462962962962962 0.014322916666666666 0.07037037037037037
99 0.462109375 0.12268518518518519 0.01171875 0.09351851851851851
78 0.30169270833333334 0.13449074074074074 0.025260416666666667 0.050462962962962966
20 0.008984375 0.008333333333333333 0.01796875 0.016666666666666666
114 0.19466145833333334 0.008564814814814815 0.006510416666666667 0.01712962962962963
9 0.5912760416666667 0.016203703703703703 0.015885416666666666 0.032407407407407406
64 0.8529947916666667 0.01875 0.013802083333333333 0.0375
64 0.9459635416666666 0.021064814814814814 0.01640625 0.04212962962962963
70 0.8329427083333333 0.11689814814814815 0.012239583333333333 0.03194444444444444
76 0.023046875 0.1361111111111111 0.018489583333333334 0.03611111111111111
51 0.6372395833333333 0.4011574074074074 0.011458333333333333 0.08101851851851852
67 0.5180989583333333 0.42615740740740743 0.012760416666666666 0.03287037037037037
51 0.67421875 0.4081018518518518 0.011979166666666667 0.08935185185185185
51 0.7330729166666666 0.41226851851851853 0.011979166666666667 0.08935185185185185
51 0.7190104166666667 0.4201388888888889 0.011979166666666667 0.09305555555555556
51 0.7768229166666667 0.4238425925925926 0.018229166666666668 0.09398148148148149
58 0.8201822916666667 0.4479166666666667 0.01015625 0.05787037037037037
58 0.8454427083333333 0.44884259259259257 0.011197916666666667 0.05694444444444444
51 0.747265625 0.4305555555555556 0.018489583333333334 0.09537037037037037
58 0.8932291666666666 0.4534722222222222 0.011979166666666667 0.05787037037037037
58 0.8063802083333333 0.4534722222222222 0.012239583333333333 0.060648148148148145
58 0.8442708333333333 0.4564814814814815 0.0125 0.06111111111111111
58 0.9466145833333334 0.45949074074074076 0.013020833333333334 0.06157407407407407
58 0.8811197916666667 0.45949074074074076 0.012760416666666666 0.06157407407407407
58 0.934765625 0.46412037037037035 0.01328125 0.06157407407407407
23 0.7209635416666667 0.5972222222222222 0.025260416666666667 0.04722222222222222
88 0.8481770833333333 0.5701388888888889 0.0171875 0.08194444444444444
86 0.5049479166666667 0.5719907407407407 0.0125 0.060648148148148145
51 0.6834635416666667 0.3824074074074074 0.01015625 0.03518518518518519
54 0.423828125 0.2763888888888889 0.02578125 0.05092592592592592
85 0.141015625 0.26666666666666666 0.012760416666666666 0.05648148148148148
66 0.06106770833333333 0.26134259259259257 0.012239583333333333 0.056018518518518516
66 0.029427083333333333 0.25972222222222224 0.0125 0.05555555555555555
66 0.0484375 0.24560185185185185 0.010416666666666666 0.03287037037037037
54 0.35260416666666666 0.2534722222222222 0.024479166666666666 0.04675925925925926
66 0.08190104166666666 0.24560185185185185 0.010677083333333334 0.029166666666666667
66 0.05768229166666667 0.24444444444444444 0.00859375 0.02962962962962963
66 0.025260416666666667 0.24004629629629629 0.008854166666666666 0.024537037037037038
70 0.8854166666666666 0.14814814814814814 0.011458333333333333 0.08425925925925926
57 0.74921875 0.15324074074074073 0.0140625 0.07037037037037037
78 0.32122395833333334 0.1414351851851852 0.02734375 0.052314814814814814
114 0.17395833333333333 0.006712962962962963 0.003125 0.013425925925925926
46 0.37421875 0.012962962962962963 0.022395833333333334 0.025925925925925925
31 0.7091145833333333 0.015277777777777777 0.023958333333333335 0.030555555555555555
64 0.9372395833333333 0.01990740740740741 0.0026041666666666665 0.03981481481481482
76 0.11822916666666666 0.13055555555555556 0.017708333333333333 0.03518518518518519
65 0.3229166666666667 0.5738425925925926 0.0109375 0.055092592592592596
65 0.32669270833333336 0.5675925925925925 0.009114583333333334 0.05462962962962963
54 0.2328125 0.5650462962962963 0.023958333333333335 0.04861111111111111
54 0.14440104166666667 0.5405092592592593 0.023177083333333334 0.04675925925925926
83 0.01015625 0.5217592592592593 0.0203125 0.05092592592592592
46 0.034765625 0.35555555555555557 0.02421875 0.023148148148148147
67 0.9690104166666667 0.33449074074074076 0.0140625 0.03287037037037037
67 0.856640625 0.32731481481481484 0.01328125 0.032407407407407406
46 0.7283854166666667 0.3074074074074074 0.0265625 0.05185185185185185
46 0.6368489583333333 0.3013888888888889 0.02578125 0.05092592592592592
46 0.76328125 0.29907407407407405 0.026041666666666668 0.05
11 0.4666666666666667 0.2625 0.04479166666666667 0.11296296296296296
11 0.5338541666666666 0.262037037037037 0.0036458333333333334 0.10277777777777777
54 0.38307291666666665 0.2847222222222222 0.026041666666666668 0.05185185185185185
46 0.6942708333333333 0.2849537037037037 0.025 0.047685185185185185
54 0.29765625 0.27824074074074073 0.026041666666666668 0.05092592592592592
85 0.26510416666666664 0.2824074074074074 0.0015625 0.03611111111111111
54 0.393359375 0.2743055555555556 0.02578125 0.050462962962962966
85 0.2703125 0.2701388888888889 0.011979166666666667 0.05694444444444444
85 0.19088541666666667 0.26967592592592593 0.0125 0.05694444444444444
85 0.16536458333333334 0.26805555555555555 0.0125 0.05648148148148148
85 0.22916666666666666 0.26805555555555555 0.008854166666666666 0.05648148148148148
54 0.30833333333333335 0.2689814814814815 0.025520833333333333 0.05
85 0.170703125 0.2641203703703704 0.007552083333333333 0.056018518518518516
46 0.6998697916666666 0.26944444444444443 0.024739583333333332 0.032407407407407406
54 0.4337239583333333 0.2585648148148148 0.022135416666666668 0.04861111111111111
85 0.19440104166666666 0.25092592592592594 0.007552083333333333 0.026851851851851852
54 0.37265625 0.24953703703703703 0.025 0.020370370370370372
54 0.37838541666666664 0.24074074074074073 0.024479166666666666 0.019444444444444445
66 0.009505208333333333 0.23194444444444445 0.00859375 0.018518518518518517
70 0.9649739583333333 0.15578703703703703 0.017447916666666667 0.08657407407407407
57 0.675390625 0.14629629629629629 0.01015625 0.06759259259259259
99 0.5376302083333333 0.13032407407407406 0.01796875 0.09583333333333334
40 0.26393229166666665 0.1259259259259259 0.008072916666666667 0.0787037037037037
9 0.553125 0.013194444444444444 0.0036458333333333334 0.02638888888888889
9 0.4875 0.015046296296296295 0.015104166666666667 0.03009259259259259
64 0.84609375 0.017592592592592594 0.0026041666666666665 0.03518518518518519
99 0.4842447916666667 0.08472222222222223 0.012239583333333333 0.023148148148148147
78 0.38333333333333336 0.10601851851851851 0.024479166666666666 0.012037037037037037
76 0.019140625 0.10856481481481481 0.016927083333333332 0.008796296296296297
76 0.055989583333333336 0.10949074074074074 0.017708333333333333 0.00787037037037037
76 0.009505208333333333 0.12523148148148147 0.01796875 0.034722222222222224
76 0.061848958333333336 0.12777777777777777 0.018489583333333334 0.03425925925925926
76 0.03177083333333333 0.13148148148148148 0.018229166666666668 0.03518518518518519
40 0.19973958333333333 0.11643518518518518 0.008333333333333333 0.0763888888888889
40 0.13111979166666668 0.11689814814814815 0.009635416666666667 0.0763888888888889
76 0.040234375 0.13680555555555557 0.018489583333333334 0.03657407407407407
76 0.07786458333333333 0.13819444444444445 0.019270833333333334 0.03657407407407407
40 0.176953125 0.11898148148148148 0.008072916666666667 0.07685185185185185
51 0.6444010416666667 0.4134259259259259 0.01328125 0.09074074074074075
51 0.6618489583333333 0.4150462962962963 0.012760416666666666 0.0912037037037037
58 0.8182291666666667 0.45439814814814816 0.0125 0.060648148148148145
88 0.8817708333333333 0.6027777777777777 0.020833333333333332 0.08611111111111111
86 0.5658854166666667 0.5956018518518519 0.013020833333333334 0.06435185185185185
86 0.5563802083333333 0.5863425925925926 0.01171875 0.06342592592592593
54 0.131640625 0.5541666666666667 0.023697916666666666 0.04814814814814815
23 0.639453125 0.544212962962963 0.023177083333333334 0.04490740740740741
67 0.915234375 0.33078703703703705 0.013802083333333333 0.03287037037037037
67 0.97265625 0.3296296296296296 0.0125 0.032407407407407406
67 0.9174479166666667 0.32523148148148145 0.0125 0.03194444444444444
67 0.885546875 0.3224537037037037 0.01328125 0.03009259259259259
67 0.8420572916666667 0.31689814814814815 0.012760416666666666 0.02361111111111111
66 0.018619791666666666 0.2587962962962963 0.01171875 0.05555555555555555
66 0.0013020833333333333 0.22453703703703703 0.0026041666666666665 0.004629629629629629
57 0.7760416666666666 0.15092592592592594 0.013020833333333334 0.06944444444444445
78 0.37981770833333334 0.1439814814814815 0.02734375 0.05277777777777778
78 0.29244791666666664 0.14027777777777778 0.027083333333333334 0.05185185185185185
40 0.24153645833333334 0.12546296296296297 0.00703125 0.0787037037037037
78 0.42083333333333334 0.1386574074074074 0.026041666666666668 0.05138888888888889
78 0.3572916666666667 0.1361111111111111 0.025520833333333333 0.05092592592592592
99 0.5088541666666667 0.11597222222222223 0.0109375 0.0912037037037037
40 0.13971354166666666 0.12083333333333333 0.015364583333333333 0.07777777777777778
40 0.20638020833333334 0.12013888888888889 0.011197916666666667 0.07731481481481481
114 0.17291666666666666 0.006944444444444444 0.0010416666666666667 0.004629629629629629
114 0.21067708333333332 0.01087962962962963 0.0171875 0.02175925925925926
46 0.388671875 0.011111111111111112 0.007552083333333333 0.022222222222222223
9 0.46171875 0.013194444444444444 0.0020833333333333333 0.02638888888888889
64 0.8813802083333333 0.020370370370370372 0.015885416666666666 0.040740740740740744
99 0.46848958333333335 0.07824074074074074 0.0078125 0.017592592592592594
99 0.46510416666666665 0.0837962962962963 0.009895833333333333 0.022222222222222223
99 0.556640625 0.10231481481481482 0.012760416666666666 0.053703703703703705
99 0.5776041666666667 0.10277777777777777 0.013020833333333334 0.053703703703703705
57 0.649609375 0.11921296296296297 0.00859375 0.02175925925925926
67 0.4671875 0.4363425925925926 0.013020833333333334 0.03564814814814815
67 0.5765625 0.4386574074074074 0.013020833333333334 0.03564814814814815
58 0.9342447916666666 0.4564814814814815 0.012760416666666666 0.05740740740740741
58 0.8311197916666667 0.45532407407407405 0.012239583333333333 0.060648148148148145
58 0.894140625 0.46064814814814814 0.012760416666666666 0.06111111111111111
88 0.8326822916666666 0.6129629629629629 0.02109375 0.08703703703703704
88 0.809765625 0.6099537037037037 0.02421875 0.08657407407407407
86 0.4864583333333333 0.5784722222222223 0.010416666666666666 0.0625
65 0.37083333333333335 0.5719907407407407 0.009375 0.05416666666666667
54 0.20338541666666668 0.5298611111111111 0.022916666666666665 0.04212962962962963
67 0.8864583333333333 0.3287037037037037 0.013541666666666667 0.032407407407407406
46 0.6674479166666667 0.3034722222222222 0.026041666666666668 0.05138888888888889
85 0.158203125 0.26319444444444445 0.007552083333333333 0.056018518518518516
66 0.008072916666666667 0.25833333333333336 0.011979166666666667 0.05555555555555555
70 0.928125 0.15393518518518517 0.0171875 0.08564814814814815
70 0.9100260416666667 0.15300925925925926 0.016927083333333332 0.08564814814814815
70 0.8736979166666666 0.15162037037037038 0.016666666666666666 0.08564814814814815
70 0.8194010416666667 0.14930555555555555 0.01640625 0.08472222222222223
70 0.832421875 0.14606481481481481 0.013802083333333333 0.0837962962962963
57 0.716796875 0.15185185185185185 0.013802083333333333 0.06944444444444445
57 0.671875 0.15 0.013541666666666667 0.06944444444444445
57 0.7466145833333333 0.14953703703703702 0.0125 0.06851851851851852
57 0.6278645833333333 0.14837962962962964 0.013541666666666667 0.06898148148148148
99 0.5966145833333333 0.13310185185185186 0.013020833333333334 0.09675925925925925
57 0.661328125 0.14606481481481481 0.01015625 0.06805555555555555
99 0.5587239583333333 0.13125 0.01796875 0.09675925925925925
57 0.719140625 0.14652777777777778 0.01015625 0.06527777777777778
99 0.47421875 0.12777777777777777 0.017708333333333333 0.09537037037037037
99 0.5640625 0.12638888888888888 0.0125 0.09444444444444444
99 0.504296875 0.12453703703703704 0.012760416666666666 0.09444444444444444
78 0.350390625 0.14282407407407408 0.02734375 0.052314814814814814
99 0.5186197916666667 0.12037037037037036 0.015885416666666666 0.09166666666666666
40 0.18450520833333334 0.12291666666666666 0.015364583333333333 0.07824074074074074
40 0.22291666666666668 0.12060185185185185 0.0078125 0.07731481481481481
78 0.434765625 0.1326388888888889 0.023697916666666666 0.050462962962962966