116 0.522265625 0.000925925925925926 0.00078125 0.001851851851851852
116 0.48359375 0.001851851851851852 0.0005208333333333333 0.003703703703703704
45 0.9147135416666666 0.0032407407407407406 0.00546875 0.006481481481481481
8 0.2908854166666667 0.004629629629629629 0.04479166666666667 0.009259259259259259
84 0.22369791666666666 0.004629629629629629 0.019791666666666666 0.009259259259259259
84 0.20234375 0.004629629629629629 0.008333333333333333 0.009259259259259259
84 0.12356770833333333 0.005092592592592593 0.00703125 0.010185185185185186
84 0.14140625 0.005555555555555556 0.018229166666666668 0.011111111111111112
84 0.096875 0.005555555555555556 0.00625 0.011111111111111112
116 0.641796875 0.00625 0.010677083333333334 0.0125
116 0.5587239583333333 0.00625 0.00234375 0.0125
100 0.748828125 0.006712962962962963 0.0018229166666666667 0.013425925925925926
45 0.9209635416666667 0.007638888888888889 0.008072916666666667 0.015277777777777777
45 0.982421875 0.008101851851851851 0.009635416666666667 0.016203703703703703
116 0.6088541666666667 0.009953703703703704 0.016666666666666666 0.01990740740740741
116 0.5115885416666667 0.009953703703703704 0.01640625 0.01990740740740741
8 0.3899739583333333 0.010416666666666666 0.05078125 0.020833333333333332
84 0.16067708333333333 0.010416666666666666 0.020833333333333332 0.020833333333333332
100 0.7567708333333333 0.010648148148148148 0.014583333333333334 0.021296296296296296
75 0.8983072916666667 0.4076388888888889 0.013802083333333333 0.01990740740740741
40 0.45065104166666664 0.40717592592592594 0.019010416666666665 0.02175925925925926
40 0.33815104166666665 0.4076388888888889 0.019010416666666665 0.022685185185185187
40 0.30377604166666666 0.4076388888888889 0.00703125 0.02361111111111111
16 0.013932291666666667 0.41226851851851853 0.012760416666666666 0.03194444444444444
40 0.29375 0.4134259259259259 0.01875 0.03518518518518519
75 0.9115885416666667 0.41875 0.02421875 0.04212962962962963
79 0.5247395833333334 0.4289351851851852 0.0234375 0.022685185185185187
75 0.9873697916666667 0.42060185185185184 0.024739583333333332 0.043055555555555555
79 0.5756510416666667 0.4217592592592593 0.02265625 0.041666666666666664
40 0.34869791666666666 0.42824074074074076 0.007291666666666667 0.06388888888888888
75 0.894140625 0.44212962962962965 0.024739583333333332 0.05277777777777778
79 0.6014322916666667 0.444212962962963 0.023177083333333334 0.050462962962962966
75 0.951171875 0.44351851851851853 0.024739583333333332 0.05277777777777778
125 0.7321614583333333 0.44930555555555557 0.01640625 0.06435185185185185
87 0.13502604166666668 0.4393518518518518 0.01640625 0.08611111111111111
87 0.24609375 0.44004629629629627 0.010416666666666666 0.08842592592592592
79 0.5546875 0.4625 0.023958333333333335 0.05
79 0.6416666666666667 0.46296296296296297 0.023958333333333335 0.05
75 0.9868489583333333 0.4634259259259259 0.025260416666666667 0.05462962962962963
40 0.2928385416666667 0.4444444444444444 0.016927083333333332 0.09722222222222222
40 0.410546875 0.44513888888888886 0.01484375 0.09768518518518518
125 0.7173177083333333 0.46273148148148147 0.01640625 0.06712962962962964
125 0.805078125 0.4636574074074074 0.014322916666666666 0.06712962962962964
87 0.1484375 0.449537037037037 0.013020833333333334 0.09537037037037037
87 0.230078125 0.4497685185185185 0.012239583333333333 0.09583333333333334
79 0.5795572916666667 0.48356481481481484 0.02421875 0.05324074074074074
75 0.910546875 0.48356481481481484 0.02578125 0.055092592592592596
40 0.33489583333333334 0.45601851851851855 0.020833333333333332 0.11018518518518519
40 0.42356770833333335 0.4564814814814815 0.020572916666666666 0.11018518518518519
75 0.9725260416666667 0.4842592592592593 0.02578125 0.05555555555555555
125 0.7326822916666667 0.4773148148148148 0.017447916666666667 0.07037037037037037
40 0.287109375 0.45740740740740743 0.021614583333333333 0.11018518518518519
87 0.22083333333333333 0.46412037037037035 0.019791666666666666 0.09675925925925925
16 0.017057291666666665 0.45902777777777776 0.03411458333333333 0.10694444444444444
125 0.77109375 0.4777777777777778 0.018229166666666668 0.07037037037037037
87 0.240625 0.46458333333333335 0.019791666666666666 0.09675925925925925
125 0.8088541666666667 0.47824074074074074 0.018229166666666668 0.07037037037037037
87 0.20143229166666668 0.4650462962962963 0.020052083333333335 0.09675925925925925
87 0.14192708333333334 0.4650462962962963 0.0203125 0.09675925925925925
125 0.8580729166666666 0.4787037037037037 0.018229166666666668 0.07037037037037037
42 0.766796875 0.6523148148148148 0.02265625 0.11574074074074074
120 0.976953125 0.6733796296296296 0.016927083333333332 0.07361111111111111
42 0.836328125 0.6513888888888889 0.023177083333333334 0.11574074074074074
120 0.9337239583333333 0.6726851851851852 0.01640625 0.07314814814814814
42 0.704296875 0.6509259259259259 0.017447916666666667 0.11574074074074074
77 0.5233072916666667 0.6824074074074075 0.022135416666666668 0.05
120 0.99765625 0.6858796296296297 0.004166666666666667 0.04212962962962963
71 0.12708333333333333 0.6590277777777778 0.021354166666666667 0.09305555555555556
89 0.44778645833333336 0.6671296296296296 0.03463541666666667 0.07592592592592592
120 0.9766927083333333 0.6578703703703703 0.015885416666666666 0.06944444444444445
71 0.17005208333333333 0.6430555555555556 0.020833333333333332 0.09259259259259259
42 0.8069010416666667 0.6314814814814815 0.020052083333333335 0.11296296296296296
71 0.089453125 0.6414351851851852 0.014322916666666666 0.0912037037037037
42 0.741796875 0.6307870370370371 0.018489583333333334 0.1125
77 0.568359375 0.6622685185185185 0.021614583333333333 0.04861111111111111
77 0.5454427083333333 0.6611111111111111 0.021614583333333333 0.04814814814814815
77 0.5930989583333334 0.6601851851851852 0.021614583333333333 0.049074074074074076
71 0.212890625 0.6398148148148148 0.020052083333333335 0.08888888888888889
120 0.9430989583333333 0.6476851851851851 0.009635416666666667 0.07222222222222222
77 0.5216145833333333 0.6590277777777778 0.021875 0.04490740740740741
71 0.22981770833333334 0.6256944444444444 0.01953125 0.0912037037037037
89 0.4276041666666667 0.6340277777777777 0.03333333333333333 0.07361111111111111
42 0.7608072916666667 0.6131944444444445 0.015364583333333333 0.11157407407407408
71 0.19127604166666667 0.6226851851851852 0.01953125 0.08518518518518518
77 0.6252604166666667 0.6386574074074074 0.021354166666666667 0.047685185185185185
77 0.576171875 0.6368055555555555 0.02109375 0.04398148148148148
71 0.2513020833333333 0.6189814814814815 0.013541666666666667 0.04351851851851852
77 0.5229166666666667 0.6277777777777778 0.020833333333333332 0.025925925925925925
77 0.56640625 0.6180555555555556 0.020833333333333332 0.044444444444444446
30 0.009635416666666667 0.6097222222222223 0.019270833333333334 0.05925925925925926
77 0.49518229166666666 0.6166666666666667 0.02109375 0.04259259259259259
71 0.11223958333333334 0.6078703703703704 0.014583333333333334 0.05648148148148148
42 0.7391927083333333 0.5879629629629629 0.018489583333333334 0.06944444444444445
30 0.07005208333333333 0.5856481481481481 0.029166666666666667 0.062037037037037036
71 0.11848958333333333 0.5888888888888889 0.011458333333333333 0.05185185185185185
89 0.31393229166666664 0.5789351851851852 0.03203125 0.05324074074074074
89 0.3907552083333333 0.5787037037037037 0.03203125 0.05277777777777778
30 0.07747395833333333 0.569675925925926 0.026822916666666665 0.03657407407407407
30 0.00859375 0.5694444444444444 0.0171875 0.032407407407407406
40 0.4069010416666667 0.40300925925925923 0.018489583333333334 0.013425925925925926
79 0.49635416666666665 0.3997685185185185 0.0203125 0.006944444444444444
85 0.8696614583333333 0.3215277777777778 0.016927083333333332 0.07268518518518519
8 0.38502604166666665 0.2969907407407407 0.048177083333333336 0.12083333333333333
85 0.7515625 0.32083333333333336 0.016145833333333335 0.07314814814814814
85 0.8365885416666666 0.3210648148148148 0.01640625 0.07268518518518519
85 0.785546875 0.3199074074074074 0.01640625 0.07314814814814814
6 0.9205729166666666 0.30949074074074073 0.027083333333333334 0.09398148148148149
0 0.23997395833333332 0.30277777777777776 0.012239583333333333 0.10462962962962963
0 0.11315104166666666 0.3025462962962963 0.019010416666666665 0.10416666666666667
0 0.20651041666666667 0.3025462962962963 0.018229166666666668 0.10416666666666667
74 0.5430989583333333 0.31875 0.03307291666666667 0.0699074074074074
74 0.6578125 0.31851851851851853 0.0328125 0.07037037037037037
85 0.73515625 0.30925925925925923 0.015625 0.07222222222222222
85 0.8662760416666667 0.3101851851851852 0.013802083333333333 0.07037037037037037
85 0.8329427083333333 0.30949074074074073 0.012239583333333333 0.07083333333333333
85 0.7846354166666667 0.30787037037037035 0.016145833333333335 0.06851851851851852
6 0.9895833333333334 0.29606481481481484 0.0203125 0.09212962962962963
0 0.09895833333333333 0.29097222222222224 0.016666666666666666 0.10046296296296296
0 0.21041666666666667 0.29074074074074074 0.015104166666666667 0.1
0 0.17395833333333333 0.2902777777777778 0.015625 0.1
0 0.15559895833333334 0.28888888888888886 0.015885416666666666 0.09907407407407408
16 0.032942708333333334 0.293287037037037 0.03203125 0.08842592592592592
85 0.7819010416666666 0.29930555555555555 0.013802083333333333 0.0699074074074074
85 0.7313802083333333 0.2988425925925926 0.012760416666666666 0.0699074074074074
0 0.12005208333333334 0.2824074074074074 0.016145833333333335 0.09907407407407408
0 0.183203125 0.28171296296296294 0.010677083333333334 0.09861111111111111
0 0.23815104166666667 0.28425925925925927 0.008072916666666667 0.08888888888888889
74 0.580078125 0.2923611111111111 0.03203125 0.06342592592592593
85 0.7522135416666667 0.29305555555555557 0.01484375 0.03796296296296296
8 0.459765625 0.2675925925925926 0.0033854166666666668 0.07222222222222222
74 0.6131510416666667 0.27152777777777776 0.031510416666666666 0.06342592592592593
16 0.007942708333333333 0.2513888888888889 0.015885416666666666 0.03425925925925926
8 0.34205729166666665 0.2363425925925926 0.04609375 0.008796296296296297
9 0.977734375 0.13240740740740742 0.027864583333333335 0.12685185185185185
9 0.9924479166666667 0.13287037037037036 0.014583333333333334 0.1259259259259259
9 0.9294270833333333 0.13055555555555556 0.027083333333333334 0.12685185185185185
64 0.11171875 0.16087962962962962 0.016666666666666666 0.06527777777777778
64 0.15872395833333333 0.16087962962962962 0.016927083333333332 0.06527777777777778
64 0.20533854166666668 0.16087962962962962 0.017447916666666667 0.06435185185185185
14 0.7377604166666667 0.12708333333333333 0.025 0.13194444444444445
14 0.8565104166666667 0.12800925925925927 0.027083333333333334 0.1300925925925926
64 0.18958333333333333 0.1599537037037037 0.017708333333333333 0.06527777777777778
67 0.5908854166666667 0.1724537037037037 0.014583333333333334 0.03935185185185185
67 0.6723958333333333 0.1726851851851852 0.014583333333333334 0.03888888888888889
120 0.27434895833333334 0.1511574074074074 0.01484375 0.08101851851851852
120 0.355078125 0.1511574074074074 0.01484375 0.08101851851851852
120 0.38841145833333335 0.1511574074074074 0.014322916666666666 0.08101851851851852
120 0.45403645833333334 0.15092592592592594 0.013802083333333333 0.08148148148148149
28 0.027734375 0.15324074074074073 0.02890625 0.07592592592592592
120 0.321484375 0.15069444444444444 0.01484375 0.08101851851851852
67 0.5239583333333333 0.17175925925925925 0.014583333333333334 0.03888888888888889
64 0.08580729166666666 0.1537037037037037 0.015364583333333333 0.06388888888888888
64 0.223046875 0.15208333333333332 0.015885416666666666 0.06435185185185185
64 0.17708333333333334 0.13240740740740742 0.013020833333333334 0.023148148148148147
120 0.30911458333333336 0.14328703703703705 0.013020833333333334 0.08009259259259259
120 0.3736979166666667 0.14328703703703705 0.0140625 0.08009259259259259
120 0.4044270833333333 0.14328703703703705 0.0140625 0.08009259259259259
67 0.6212239583333333 0.16365740740740742 0.014322916666666666 0.03935185185185185
120 0.448046875 0.14305555555555555 0.011197916666666667 0.07962962962962963
9 0.9697916666666667 0.12361111111111112 0.020833333333333332 0.1175925925925926
67 0.553515625 0.16273148148148148 0.014322916666666666 0.038425925925925926
9 0.947265625 0.12314814814814815 0.021614583333333333 0.1175925925925926
9 0.921484375 0.1224537037037037 0.026302083333333334 0.11712962962962963
67 0.5225260416666667 0.1622685185185185 0.014322916666666666 0.03657407407407407
14 0.7970052083333333 0.12106481481481482 0.009635416666666667 0.11805555555555555
14 0.725390625 0.12037037037037036 0.009114583333333334 0.11851851851851852
28 0.013411458333333333 0.13703703703703704 0.026822916666666665 0.07407407407407407
120 0.3609375 0.13472222222222222 0.0125 0.07777777777777778
9 0.9869791666666666 0.11805555555555555 0.015625 0.10648148148148148
64 0.07252604166666667 0.12314814814814815 0.01171875 0.017592592592592594
9 0.9358072916666667 0.06643518518518518 0.00390625 0.004166666666666667
9 0.9584635416666667 0.06643518518518518 0.00234375 0.004166666666666667
100 0.9037760416666667 0.012037037037037037 0.01640625 0.024074074074074074
45 0.9333333333333333 0.012037037037037037 0.01875 0.024074074074074074
84 0.083984375 0.011111111111111112 0.02109375 0.022222222222222223
100 0.8385416666666666 0.011111111111111112 0.016145833333333335 0.022222222222222223
84 0.11028645833333334 0.010648148148148148 0.02109375 0.021296296296296296
116 0.5026041666666666 0.005555555555555556 0.0020833333333333333 0.011111111111111112
100 0.7640625 0.0060185185185185185 0.0010416666666666667 0.012037037037037037
116 0.5779947916666667 0.0060185185185185185 0.00390625 0.012037037037037037
100 0.7333333333333333 0.00625 0.0015625 0.0125
116 0.5985677083333333 0.00625 0.0049479166666666664 0.0125
116 0.6549479166666666 0.006481481481481481 0.009895833333333333 0.012962962962962963
100 0.830078125 0.007638888888888889 0.0018229166666666667 0.015277777777777777
100 0.8674479166666667 0.008333333333333333 0.009895833333333333 0.016666666666666666
116 0.5877604166666667 0.009722222222222222 0.016666666666666666 0.019444444444444445
116 0.491796875 0.009722222222222222 0.01640625 0.019444444444444445
116 0.5489583333333333 0.009953703703703704 0.016666666666666666 0.01990740740740741
116 0.5305989583333334 0.009953703703703704 0.016927083333333332 0.01990740740740741
8 0.44036458333333334 0.010185185185185186 0.050520833333333334 0.020370370370370372
116 0.628125 0.010416666666666666 0.016666666666666666 0.020833333333333332
100 0.7408854166666666 0.010648148148148148 0.014583333333333334 0.021296296296296296
87 0.15377604166666667 0.4085648148148148 0.01328125 0.024537037037037038
79 0.6506510416666667 0.41967592592592595 0.023177083333333334 0.0375
79 0.6131510416666667 0.46273148148148147 0.023697916666666666 0.05138888888888889
40 0.34127604166666664 0.4446759259259259 0.016927083333333332 0.09675925925925925
40 0.455859375 0.4460648148148148 0.015364583333333333 0.09953703703703703
42 0.8131510416666666 0.6506944444444445 0.023177083333333334 0.1162037037037037
71 0.14817708333333332 0.6604166666666667 0.021354166666666667 0.09398148148148149
71 0.2515625 0.6604166666666667 0.01875 0.09398148148148149
89 0.36940104166666665 0.6694444444444444 0.03463541666666667 0.07592592592592592
77 0.49635416666666665 0.6817129629629629 0.021875 0.050462962962962966
77 0.55 0.6821759259259259 0.021875 0.04953703703703704
71 0.10455729166666666 0.6590277777777778 0.021614583333333333 0.09305555555555556
71 0.110546875 0.6414351851851852 0.015885416666666666 0.0912037037037037
77 0.6197916666666666 0.6606481481481481 0.021875 0.049074074074074076
71 0.19088541666666667 0.6381944444444444 0.0203125 0.08564814814814815
89 0.302734375 0.6335648148148149 0.03359375 0.07361111111111111
89 0.3859375 0.6335648148148149 0.03333333333333333 0.07361111111111111
77 0.4962239583333333 0.6476851851851851 0.021614583333333333 0.024074074074074074
71 0.21015625 0.6101851851851852 0.018229166666666668 0.062037037037037036
89 0.34010416666666665 0.6034722222222222 0.0328125 0.07175925925925926
71 0.13072916666666667 0.6085648148148148 0.018229166666666668 0.05787037037037037
71 0.09388020833333334 0.6034722222222222 0.014322916666666666 0.047685185185185185
30 0.0375 0.5840277777777778 0.029166666666666667 0.06157407407407407
89 0.35403645833333336 0.5791666666666667 0.031510416666666666 0.053703703703703705
42 0.7602864583333333 0.5745370370370371 0.01796875 0.04259259259259259
30 0.04583333333333333 0.5701388888888889 0.0265625 0.0375
87 0.141796875 0.4064814814814815 0.00703125 0.020370370370370372
85 0.803515625 0.32013888888888886 0.01640625 0.07268518518518519
0 0.074609375 0.30277777777777776 0.019010416666666665 0.1037037037037037
0 0.19153645833333333 0.29097222222222224 0.01796875 0.10231481481481482
85 0.7674479166666667 0.3074074074074074 0.015625 0.06759259259259259
6 0.928515625 0.2710648148148148 0.02109375 0.07268518518518519
14 0.84140625 0.12152777777777778 0.0140625 0.11805555555555555
120 0.327734375 0.13518518518518519 0.012239583333333333 0.0787037037037037
64 0.087890625 0.12546296296296297 0.012760416666666666 0.022222222222222223
45 0.99296875 0.012268518518518519 0.013541666666666667 0.024537037037037038
100 0.8546875 0.011342592592592593 0.016666666666666666 0.022685185185185187
100 0.7721354166666666 0.01087962962962963 0.016145833333333335 0.02175925925925926
100 0.8029947916666667 0.008101851851851851 0.01484375 0.016203703703703703
100 0.88125 0.008333333333333333 0.014583333333333334 0.016666666666666666
116 0.6677083333333333 0.010185185185185186 0.016666666666666666 0.020370370370370372
79 0.496875 0.41064814814814815 0.022916666666666665 0.020370370370370372
40 0.3606770833333333 0.43703703703703706 0.019791666666666666 0.08148148148148149
87 0.18828125 0.449537037037037 0.013020833333333334 0.09537037037037037
125 0.8630208333333333 0.4634259259259259 0.016666666666666666 0.06851851851851852
79 0.5514322916666666 0.4844907407407407 0.02421875 0.05324074074074074
79 0.665625 0.48541666666666666 0.024479166666666666 0.05324074074074074
87 0.16145833333333334 0.4636574074074074 0.0203125 0.09675925925925925
40 0.3795572916666667 0.4576388888888889 0.02109375 0.11064814814814815
87 0.08424479166666667 0.4650462962962963 0.02109375 0.09675925925925925
120 0.9196614583333333 0.6743055555555556 0.015885416666666666 0.07361111111111111
42 0.7462239583333333 0.6525462962962963 0.022135416666666668 0.1162037037037037
120 0.9901041666666667 0.6736111111111112 0.016666666666666666 0.07314814814814814
120 0.9493489583333333 0.6729166666666667 0.01640625 0.07361111111111111
42 0.7889322916666667 0.6504629629629629 0.02265625 0.11574074074074074
120 0.9326822916666667 0.6583333333333333 0.01484375 0.07037037037037037
42 0.8520833333333333 0.632175925925926 0.016145833333333335 0.11435185185185186
42 0.8697916666666666 0.6319444444444444 0.0234375 0.11388888888888889
42 0.7875 0.6305555555555555 0.021875 0.11018518518518519
120 0.8973958333333333 0.6474537037037037 0.015625 0.07175925925925926
42 0.781640625 0.6143518518518518 0.015364583333333333 0.11203703703703703
42 0.718359375 0.6134259259259259 0.018489583333333334 0.11296296296296296
77 0.6009114583333334 0.6402777777777777 0.02109375 0.04814814814814815
89 0.418359375 0.6030092592592593 0.032552083333333336 0.07083333333333333
77 0.5881510416666667 0.6171296296296296 0.02109375 0.04259259259259259
42 0.7173177083333333 0.575462962962963 0.019010416666666665 0.044444444444444446
42 0.7028645833333333 0.5909722222222222 0.0067708333333333336 0.033796296296296297
6 0.99765625 0.3314814814814815 0.004166666666666667 0.044444444444444446
0 0.16549479166666667 0.25763888888888886 0.010677083333333334 0.050462962962962966
16 0.027604166666666666 0.2759259259259259 0.03229166666666667 0.08425925925925926
74 0.5408854166666667 0.26319444444444445 0.03125 0.04675925925925926
67 0.6671875 0.16412037037037036 0.0140625 0.038425925925925926
67 0.5065104166666666 0.16203703703703703 0.0140625 0.037037037037037035
120 0.41953125 0.14166666666666666 0.013541666666666667 0.07685185185185185
45 0.9677083333333333 0.008564814814814815 0.01875 0.01712962962962963
100 0.7255208333333333 0.010416666666666666 0.014583333333333334 0.020833333333333332
16 0.006380208333333333 0.41180555555555554 0.012760416666666666 0.031018518518518518
40 0.32643229166666665 0.41435185185185186 0.007552083333333333 0.03611111111111111
87 0.12330729166666667 0.41782407407407407 0.009114583333333334 0.043055555555555555
79 0.5227864583333334 0.42083333333333334 0.02265625 0.040740740740740744
75 0.962890625 0.4252314814814815 0.02421875 0.052314814814814814
75 0.9959635416666667 0.4377314814814815 0.007552083333333333 0.03935185185185185
79 0.5522135416666667 0.4388888888888889 0.023177083333333334 0.040740740740740744
79 0.496875 0.4386574074074074 0.0234375 0.0412037037037037
79 0.5770833333333333 0.44004629629629627 0.0234375 0.0412037037037037
79 0.6279947916666667 0.44375 0.023177083333333334 0.05138888888888889
40 0.31588541666666664 0.4363425925925926 0.019270833333333334 0.08101851851851852
87 0.11627604166666666 0.4391203703703704 0.017447916666666667 0.08564814814814815
87 0.21067708333333332 0.44004629629629627 0.014583333333333334 0.08842592592592592
79 0.5837239583333333 0.4625 0.023697916666666666 0.05092592592592592
79 0.5255208333333333 0.46296296296296297 0.023958333333333335 0.05277777777777778
40 0.38671875 0.44513888888888886 0.015104166666666667 0.09768518518518518
40 0.4342447916666667 0.44560185185185186 0.01484375 0.09861111111111111
87 0.09322916666666667 0.44930555555555557 0.019270833333333334 0.09490740740740741
87 0.17174479166666667 0.45 0.01796875 0.09537037037037037
79 0.498046875 0.48310185185185184 0.02421875 0.05324074074074074
79 0.6091145833333333 0.48356481481481484 0.024479166666666666 0.05324074074074074
40 0.31002604166666664 0.4564814814814815 0.02109375 0.11018518518518519
40 0.4466145833333333 0.45740740740740743 0.019791666666666666 0.11018518518518519
125 0.7522135416666667 0.4777777777777778 0.01796875 0.07037037037037037
40 0.4005208333333333 0.4576388888888889 0.0203125 0.11064814814814815
125 0.7143229166666667 0.47824074074074074 0.017708333333333333 0.07037037037037037
77 0.6529947916666666 0.6835648148148148 0.022135416666666668 0.050462962962962966
30 0.04049479166666667 0.6699074074074074 0.031510416666666666 0.06666666666666667
71 0.15130208333333334 0.6233796296296297 0.019791666666666666 0.08935185185185185
71 0.24583333333333332 0.6226851851851852 0.0125 0.08703703703703704
42 0.7015625 0.5662037037037037 0.0026041666666666665 0.016666666666666666
40 0.38385416666666666 0.4050925925925926 0.01875 0.017592592592592594
40 0.4298177083333333 0.40185185185185185 0.01796875 0.011111111111111112
8 0.435546875 0.2861111111111111 0.045572916666666664 0.10833333333333334
6 0.9653645833333333 0.29444444444444445 0.027083333333333334 0.09166666666666666
85 0.7483072916666667 0.2986111111111111 0.012760416666666666 0.06944444444444445
74 0.5014322916666667 0.29305555555555557 0.03203125 0.06296296296296296
6 0.9552083333333333 0.26967592592592593 0.026041666666666668 0.06898148148148148
120 0.3592447916666667 0.14282407407407408 0.012760416666666666 0.07916666666666666
67 0.5868489583333333 0.16273148148148148 0.014322916666666666 0.038425925925925926
64 0.190234375 0.13217592592592592 0.015364583333333333 0.022685185185185187
8 0.36419270833333334 0.003472222222222222 0.00078125 0.006944444444444444
108 0.01953125 0.006481481481481481 0.013541666666666667 0.012962962962962963
100 0.71796875 0.012962962962962963 0.0005208333333333333 0.011111111111111112
75 0.974609375 0.4150462962962963 0.022135416666666668 0.03287037037037037
75 0.877734375 0.41458333333333336 0.02265625 0.033796296296296297
79 0.600390625 0.4115740740740741 0.02265625 0.021296296296296296
75 0.9385416666666667 0.41944444444444445 0.024479166666666666 0.040740740740740744
75 0.8852864583333333 0.42476851851851855 0.02421875 0.052314814814814814
75 0.9233072916666667 0.43819444444444444 0.024739583333333332 0.04490740740740741
125 0.713671875 0.44814814814814813 0.016927083333333332 0.06481481481481481
75 0.9317708333333333 0.4636574074074074 0.025520833333333333 0.05416666666666667
125 0.7708333333333334 0.4615740740740741 0.017708333333333333 0.062037037037037036
125 0.7540364583333333 0.4615740740740741 0.01640625 0.06388888888888888
125 0.7041666666666667 0.47129629629629627 0.0020833333333333333 0.044444444444444446
125 0.8244791666666667 0.4486111111111111 0.016666666666666666 0.03796296296296296
75 0.9419270833333333 0.48333333333333334 0.025520833333333333 0.05555555555555555
125 0.790234375 0.4773148148148148 0.01796875 0.07037037037037037
75 0.99375 0.48518518518518516 0.011979166666666667 0.05555555555555555
42 0.7658854166666667 0.6291666666666667 0.021875 0.11018518518518519
42 0.84375 0.5821759259259259 0.0171875 0.050462962962962966
0 0.09361979166666666 0.30300925925925926 0.019010416666666665 0.10416666666666667
0 0.22513020833333333 0.30277777777777776 0.01796875 0.10462962962962963
16 0.009244791666666667 0.29421296296296295 0.018489583333333334 0.08657407407407407
6 0.9579427083333333 0.2791666666666667 0.026302083333333334 0.08796296296296297
16 0.048177083333333336 0.26643518518518516 0.033854166666666664 0.06620370370370371
16 0.016145833333333335 0.24305555555555555 0.03229166666666667 0.018518518518518517
9 0.9548177083333333 0.13148148148148148 0.02734375 0.12685185185185185
64 0.13216145833333334 0.15324074074074073 0.011197916666666667 0.06296296296296296
67 0.5701822916666667 0.16342592592592592 0.014322916666666666 0.03888888888888889
9 0.9078125 0.11643518518518518 0.013020833333333334 0.10601851851851851
9 0.901171875 0.11018518518518519 0.011197916666666667 0.09351851851851851
45 0.97734375 0.003935185185185185 0.0010416666666666667 0.00787037037037037
100 0.8130208333333333 0.00787037037037037 0.005208333333333333 0.01574074074074074
116 0.5677083333333334 0.009953703703703704 0.016666666666666666 0.01990740740740741
84 0.18828125 0.010416666666666666 0.020833333333333332 0.020833333333333332
87 0.12317708333333334 0.4636574074074074 0.020833333333333332 0.09675925925925925
71 0.21080729166666667 0.6613425925925925 0.020572916666666666 0.09305555555555556
71 0.19075520833333334 0.6601851851851852 0.02109375 0.09351851851851851
30 0.010546875 0.6708333333333333 0.02109375 0.06666666666666667
71 0.09934895833333333 0.5881944444444445 0.01171875 0.04953703703703704
89 0.42877604166666666 0.5770833333333333 0.031510416666666666 0.04861111111111111
8 0.33815104166666665 0.2974537037037037 0.05026041666666667 0.11990740740740741
85 0.8208333333333333 0.32083333333333336 0.016145833333333335 0.07314814814814814
85 0.8526041666666667 0.32037037037037036 0.016666666666666666 0.07314814814814814
85 0.7677083333333333 0.3199074074074074 0.016145833333333335 0.07314814814814814
0 0.1703125 0.30277777777777776 0.01875 0.1037037037037037
85 0.708984375 0.33078703703703705 0.00234375 0.04675925925925926
74 0.5033854166666667 0.3175925925925926 0.0328125 0.07037037037037037
74 0.5821614583333333 0.3175925925925926 0.03307291666666667 0.07037037037037037
85 0.8009114583333333 0.30949074074074073 0.01484375 0.0699074074074074
0 0.134765625 0.2916666666666667 0.018489583333333334 0.10277777777777777
0 0.08033854166666667 0.2916666666666667 0.014322916666666666 0.10185185185185185
85 0.7178385416666667 0.30810185185185185 0.015885416666666666 0.06898148148148148
8 0.2955729166666667 0.28680555555555554 0.0453125 0.10972222222222222
0 0.22565104166666666 0.2881944444444444 0.01796875 0.09675925925925925
8 0.3890625 0.23842592592592593 0.046875 0.012962962962962963
85 0.765625 0.29814814814814816 0.013541666666666667 0.06944444444444445
74 0.617578125 0.2962962962962963 0.032552083333333336 0.06851851851851852
8 0.458203125 0.2775462962962963 0.0013020833333333333 0.09212962962962963
0 0.1015625 0.27546296296296297 0.0109375 0.08425925925925926
0 0.15143229166666666 0.25300925925925927 0.015364583333333333 0.0412037037037037
74 0.5772135416666667 0.2722222222222222 0.031510416666666666 0.062037037037037036
8 0.36549479166666665 0.2361111111111111 0.00078125 0.008333333333333333
8 0.31861979166666665 0.23472222222222222 0.0013020833333333333 0.005555555555555556
67 0.6528645833333333 0.1638888888888889 0.0140625 0.03796296296296296
120 0.2772135416666667 0.1425925925925926 0.01328125 0.0787037037037037
28 0.032552083333333336 0.10740740740740741 0.027083333333333334 0.06851851851851852
100 0.822265625 0.011111111111111112 0.01484375 0.022222222222222223
120 0.96328125 0.6733796296296296 0.016666666666666666 0.07361111111111111
42 0.7251302083333333 0.6518518518518519 0.022135416666666668 0.11574074074074074
71 0.08333333333333333 0.6604166666666667 0.021875 0.09305555555555556
120 0.9928385416666666 0.6439814814814815 0.013802083333333333 0.041666666666666664
77 0.5494791666666666 0.6365740740740741 0.020833333333333332 0.04351851851851852
125 0.825390625 0.4787037037037037 0.018489583333333334 0.07037037037037037
125 0.841796875 0.4787037037037037 0.018489583333333334 0.07037037037037037
8 0.43190104166666665 0.2967592592592593 0.04869791666666667 0.12129629629629629
0 0.15169270833333334 0.3025462962962963 0.019010416666666665 0.10416666666666667
6 0.9114583333333334 0.29444444444444445 0.0265625 0.09166666666666666
85 0.8161458333333333 0.29930555555555555 0.013020833333333334 0.07083333333333333
74 0.5397135416666666 0.29282407407407407 0.03203125 0.06435185185185185
6 0.9872395833333333 0.2796296296296296 0.021875 0.08888888888888889
74 0.5028645833333333 0.2550925925925926 0.03125 0.03148148148148148
6 0.9864583333333333 0.24351851851851852 0.020833333333333332 0.016666666666666666
64 0.06393229166666667 0.16157407407407406 0.016927083333333332 0.06481481481481481
64 0.080859375 0.1613425925925926 0.016927083333333332 0.06527777777777778
64 0.12747395833333333 0.1613425925925926 0.016927083333333332 0.06527777777777778
14 0.8092447916666666 0.12800925925925927 0.026302083333333334 0.13194444444444445
64 0.17369791666666667 0.16111111111111112 0.0171875 0.06481481481481481
67 0.6399739583333334 0.17199074074074075 0.01484375 0.03935185185185185
28 0.005598958333333333 0.15347222222222223 0.011197916666666667 0.07546296296296297
120 0.33893229166666666 0.15069444444444444 0.01484375 0.08101851851851852
64 0.06861979166666667 0.15324074074074073 0.012239583333333333 0.06388888888888888
64 0.0984375 0.15300925925925926 0.014583333333333334 0.06435185185185185
64 0.23567708333333334 0.15208333333333332 0.0078125 0.06435185185185185
64 0.20651041666666667 0.15069444444444444 0.017708333333333333 0.06157407407407407
64 0.16197916666666667 0.13171296296296298 0.011979166666666667 0.02175925925925926
120 0.3106770833333333 0.11342592592592593 0.011458333333333333 0.03518518518518519
28 0.008984375 0.08842592592592592 0.01796875 0.030555555555555555
8 0.338671875 0.010648148148148148 0.05078125 0.021296296296296296
84 0.17434895833333333 0.004861111111111111 0.007552083333333333 0.009722222222222222
116 0.68046875 0.006712962962962963 0.008854166666666666 0.013425925925925926
45 0.9493489583333333 0.00787037037037037 0.01328125 0.01574074074074074
79 0.6546875 0.444212962962963 0.0234375 0.05138888888888889
75 0.90234375 0.4618055555555556 0.025 0.05416666666666667
79 0.6385416666666667 0.4837962962962963 0.024479166666666666 0.053703703703703705
77 0.5772135416666667 0.6824074074074075 0.022135416666666668 0.05
71 0.13177083333333334 0.6407407407407407 0.015625 0.09074074074074075
77 0.5201822916666666 0.6164351851851851 0.020572916666666666 0.04490740740740741
75 0.9272135416666667 0.4078703703703704 0.022135416666666668 0.019444444444444445
85 0.7188802083333333 0.32037037037037036 0.015885416666666666 0.07314814814814814
85 0.849609375 0.30972222222222223 0.01328125 0.07037037037037037
0 0.08385416666666666 0.25277777777777777 0.009895833333333333 0.03888888888888889
14 0.8815104166666666 0.12893518518518518 0.027604166666666666 0.13194444444444445
64 0.14348958333333334 0.16064814814814815 0.017708333333333333 0.06481481481481481
14 0.7845052083333334 0.12731481481481483 0.02578125 0.13055555555555556
120 0.28997395833333334 0.15162037037037038 0.01484375 0.08101851851851852
67 0.5572916666666666 0.1724537037037037 0.014583333333333334 0.03935185185185185
14 0.71875 0.12662037037037038 0.011979166666666667 0.1310185185185185
67 0.656640625 0.17199074074074075 0.01484375 0.03935185185185185
120 0.4200520833333333 0.15069444444444444 0.0140625 0.08101851851851852
67 0.5080729166666667 0.17175925925925925 0.0140625 0.03888888888888889
67 0.491015625 0.1712962962962963 0.014322916666666666 0.03888888888888889
120 0.4342447916666667 0.14351851851851852 0.013802083333333333 0.08055555555555556
67 0.5375 0.16342592592592592 0.0140625 0.03888888888888889
120 0.29440104166666664 0.14282407407407408 0.01328125 0.07916666666666666
120 0.3430989583333333 0.14282407407407408 0.012239583333333333 0.07916666666666666
67 0.6369791666666667 0.16296296296296298 0.014583333333333334 0.03796296296296296
120 0.3890625 0.14189814814814813 0.0140625 0.07731481481481481
14 0.8266927083333333 0.12152777777777778 0.019010416666666665 0.11805555555555555
67 0.4901041666666667 0.16203703703703703 0.0140625 0.03611111111111111
14 0.7555989583333333 0.12013888888888889 0.01953125 0.11805555555555555
120 0.295703125 0.13518518518518519 0.01328125 0.07777777777777778
14 0.86953125 0.11550925925925926 0.009895833333333333 0.1050925925925926
14 0.6940104166666666 0.11273148148148149 0.0046875 0.10416666666666667
64 0.14739583333333334 0.13217592592592592 0.011458333333333333 0.022685185185185187
120 0.34427083333333336 0.1150462962962963 0.011979166666666667 0.038425925925925926
84 0.059895833333333336 0.011342592592592593 0.021354166666666667 0.022685185185185187