5 0.6028645833333334 0.0030092592592592593 0.018229166666666668 0.0060185185185185185
5 0.5140625 0.0030092592592592593 0.018229166666666668 0.0060185185185185185
5 0.64453125 0.0032407407407407406 0.018229166666666668 0.006481481481481481
5 0.6670572916666667 0.003472222222222222 0.018489583333333334 0.006944444444444444
5 0.5592447916666666 0.003472222222222222 0.018489583333333334 0.006944444444444444
53 0.776171875 0.003703703703703704 0.02890625 0.007407407407407408
46 0.17825520833333333 0.003703703703703704 0.02734375 0.007407407407407408
8 0.39505208333333336 0.004166666666666667 0.058854166666666666 0.008333333333333333
46 0.09296875 0.004398148148148148 0.027083333333333334 0.008796296296296297
46 0.050390625 0.004629629629629629 0.02578125 0.009259259259259259
55 0.9748697916666667 0.006481481481481481 0.019010416666666665 0.012962962962962963
108 0.748046875 0.0912037037037037 0.023177083333333334 0.03333333333333333
108 0.7752604166666667 0.09212962962962963 0.0234375 0.03425925925925926
81 0.5239583333333333 0.08148148148148149 0.014583333333333334 0.06388888888888888
81 0.5747395833333333 0.08171296296296296 0.015104166666666667 0.06435185185185185
81 0.609765625 0.08194444444444444 0.01484375 0.06481481481481481
81 0.6618489583333333 0.0824074074074074 0.015364583333333333 0.06481481481481481
19 0.18203125 0.0837962962962963 0.0171875 0.06481481481481481
19 0.14635416666666667 0.08402777777777778 0.0171875 0.06435185185185185
19 0.09166666666666666 0.0849537037037037 0.017708333333333333 0.06435185185185185
19 0.03893229166666667 0.08564814814814815 0.01796875 0.06388888888888888
108 0.7486979166666666 0.11782407407407407 0.0234375 0.03287037037037037
108 0.8299479166666667 0.11851851851851852 0.0234375 0.03425925925925926
108 0.9123697916666667 0.11990740740740741 0.023697916666666666 0.03425925925925926
108 0.7295572916666667 0.14282407407407408 0.009635416666666667 0.03287037037037037
108 0.7747395833333334 0.14328703703703705 0.0234375 0.033796296296296297
108 0.8276041666666667 0.14444444444444443 0.0234375 0.03333333333333333
108 0.9041666666666667 0.1449074074074074 0.022395833333333334 0.03425925925925926
108 0.728515625 0.16898148148148148 0.00859375 0.03148148148148148
108 0.7977864583333333 0.16828703703703704 0.023177083333333334 0.034722222222222224
101 0.3790364583333333 0.14050925925925925 0.01640625 0.09027777777777778
101 0.3436197916666667 0.14027777777777778 0.01640625 0.09074074074074075
108 0.8259114583333333 0.16921296296296295 0.023177083333333334 0.033796296296296297
108 0.7471354166666667 0.16898148148148148 0.0234375 0.03425925925925926
81 0.506640625 0.14907407407407408 0.014322916666666666 0.07407407407407407
101 0.3977864583333333 0.14050925925925925 0.015885416666666666 0.0912037037037037
73 0.005078125 0.15 0.01015625 0.07222222222222222
81 0.64453125 0.14953703703703702 0.015104166666666667 0.07407407407407407
81 0.5575520833333333 0.14930555555555555 0.014583333333333334 0.07453703703703704
101 0.4510416666666667 0.14097222222222222 0.015625 0.0912037037037037
101 0.4334635416666667 0.14097222222222222 0.015885416666666666 0.0912037037037037
108 0.8779947916666667 0.1701388888888889 0.023177083333333334 0.033796296296296297
19 0.200390625 0.15069444444444444 0.016927083333333332 0.07268518518518519
81 0.5924479166666666 0.14976851851851852 0.014583333333333334 0.07546296296296297
101 0.26171875 0.14189814814814813 0.0171875 0.0912037037037037
19 0.16614583333333333 0.15092592592592594 0.0171875 0.07314814814814814
99 0.30299479166666665 0.4648148148148148 0.023697916666666666 0.11296296296296296
57 0.8940104166666667 0.48541666666666666 0.016145833333333335 0.07268518518518519
57 0.847265625 0.48541666666666666 0.015885416666666666 0.07268518518518519
57 0.7998697916666667 0.48541666666666666 0.015885416666666666 0.07268518518518519
57 0.7223958333333333 0.48518518518518516 0.015104166666666667 0.07314814814814814
99 0.37330729166666665 0.4650462962962963 0.022135416666666668 0.11342592592592593
57 0.7686197916666667 0.4858796296296296 0.015364583333333333 0.07268518518518519
1 0.5368489583333333 0.4773148148148148 0.03723958333333333 0.09259259259259259
1 0.6532552083333333 0.4761574074074074 0.04088541666666667 0.09583333333333334
102 0.027473958333333333 0.6157407407407407 0.01796875 0.0787037037037037
59 0.3684895833333333 0.6194444444444445 0.015625 0.07777777777777778
59 0.2877604166666667 0.6201388888888889 0.016145833333333335 0.07731481481481481
59 0.319921875 0.6208333333333333 0.015885416666666666 0.07777777777777778
59 0.44700520833333335 0.6210648148148148 0.01484375 0.07824074074074074
106 0.93671875 0.6266203703703703 0.027604166666666666 0.0763888888888889
128 0.7963541666666667 0.6365740740740741 0.0140625 0.06666666666666667
46 0.654296875 0.6324074074074074 0.03411458333333333 0.075
128 0.8372395833333334 0.6372685185185185 0.0140625 0.06620370370370371
128 0.8109375 0.6370370370370371 0.0140625 0.06666666666666667
128 0.7673177083333333 0.6370370370370371 0.013802083333333333 0.06666666666666667
46 0.61484375 0.6356481481481482 0.034375 0.075
46 0.5411458333333333 0.6361111111111111 0.034375 0.075
46 0.6510416666666666 0.6881944444444444 0.03333333333333333 0.0699074074074074
102 0.006510416666666667 0.6858796296296297 0.013020833333333334 0.07546296296296297
106 0.9576822916666666 0.6863425925925926 0.02734375 0.07546296296296297
38 0.10234375 0.6782407407407407 0.020833333333333332 0.09259259259259259
46 0.5381510416666667 0.6898148148148148 0.03411458333333333 0.07037037037037037
46 0.5005208333333333 0.6902777777777778 0.033854166666666664 0.06944444444444445
38 0.16315104166666666 0.6787037037037037 0.020052083333333335 0.09259259259259259
38 0.20286458333333332 0.6791666666666667 0.019791666666666666 0.09259259259259259
38 0.14309895833333333 0.6791666666666667 0.020572916666666666 0.09259259259259259
46 0.575 0.6909722222222222 0.033854166666666664 0.0699074074074074
59 0.35234375 0.6912037037037037 0.015625 0.07037037037037037
128 0.8928385416666667 0.694212962962963 0.01484375 0.06527777777777778
59 0.3033854166666667 0.6895833333333333 0.015625 0.07453703703703704
59 0.27369791666666665 0.6907407407407408 0.014583333333333334 0.07222222222222222
128 0.8272135416666667 0.694675925925926 0.013802083333333333 0.06527777777777778
128 0.7196614583333333 0.6958333333333333 0.01328125 0.06388888888888888
59 0.43307291666666664 0.6918981481481481 0.014583333333333334 0.07175925925925926
128 0.8671875 0.6953703703703704 0.014583333333333334 0.06574074074074074
59 0.38619791666666664 0.6928240740740741 0.015104166666666667 0.07083333333333333
128 0.855078125 0.6958333333333333 0.014322916666666666 0.06574074074074074
128 0.7848958333333333 0.6960648148148149 0.013541666666666667 0.06527777777777778
128 0.7463541666666667 0.6958333333333333 0.013541666666666667 0.06574074074074074
99 0.42291666666666666 0.4638888888888889 0.021875 0.11388888888888889
30 0.9678385416666667 0.48842592592592593 0.03359375 0.06481481481481481
19 0.024609375 0.48541666666666666 0.016927083333333332 0.06898148148148148
124 0.1953125 0.48819444444444443 0.0296875 0.06342592592592593
19 0.001171875 0.5002314814814814 0.00234375 0.034722222222222224
124 0.20520833333333333 0.4398148148148148 0.0296875 0.06388888888888888
124 0.17395833333333333 0.4391203703703704 0.0296875 0.06435185185185185
124 0.10638020833333334 0.43842592592592594 0.03046875 0.06388888888888888
124 0.23059895833333333 0.4386574074074074 0.01484375 0.06342592592592593
30 0.9703125 0.4337962962962963 0.034375 0.062037037037037036
30 0.996484375 0.43194444444444446 0.006510416666666667 0.058333333333333334
61 0.6493489583333333 0.3224537037037037 0.01484375 0.07361111111111111
61 0.48854166666666665 0.32314814814814813 0.0140625 0.07037037037037037
61 0.520703125 0.3229166666666667 0.013802083333333333 0.07083333333333333
61 0.6013020833333333 0.32199074074074074 0.014583333333333334 0.07268518518518519
61 0.63359375 0.3215277777777778 0.014583333333333334 0.07361111111111111
61 0.6649739583333333 0.32199074074074074 0.01484375 0.07268518518518519
71 0.09700520833333333 0.30810185185185185 0.022135416666666668 0.09953703703703703
70 0.29635416666666664 0.2988425925925926 0.022395833333333334 0.11805555555555555
61 0.585546875 0.3215277777777778 0.014322916666666666 0.07268518518518519
61 0.616796875 0.32175925925925924 0.014322916666666666 0.07222222222222222
70 0.3204427083333333 0.29814814814814816 0.022135416666666668 0.11851851851851852
61 0.5045572916666666 0.3226851851851852 0.013802083333333333 0.06944444444444445
61 0.568359375 0.3215277777777778 0.014322916666666666 0.07175925925925926
106 0.9407552083333334 0.3210648148148148 0.026822916666666665 0.07268518518518519
106 0.994921875 0.32083333333333336 0.009635416666666667 0.07314814814814814
71 0.056640625 0.3074074074074074 0.022135416666666668 0.09907407407407408
70 0.37018229166666666 0.29791666666666666 0.021614583333333333 0.11805555555555555
70 0.419140625 0.29791666666666666 0.02109375 0.11805555555555555
71 0.16184895833333332 0.30671296296296297 0.021614583333333333 0.09953703703703703
25 0.8768229166666667 0.3127314814814815 0.03229166666666667 0.08472222222222223
25 0.728515625 0.31296296296296294 0.020052083333333335 0.08333333333333333
25 0.8009114583333333 0.31157407407407406 0.032552083333333336 0.08518518518518518
25 0.7600260416666667 0.3113425925925926 0.03359375 0.0837962962962963
106 0.9790364583333333 0.26458333333333334 0.026302083333333334 0.06342592592592593
106 0.9989583333333333 0.2863425925925926 0.0015625 0.009722222222222222
61 0.4889322916666667 0.25925925925925924 0.014322916666666666 0.06111111111111111
61 0.5040364583333333 0.25925925925925924 0.013802083333333333 0.06111111111111111
61 0.53671875 0.25925925925925924 0.0140625 0.06111111111111111
61 0.5516927083333333 0.25925925925925924 0.014322916666666666 0.06111111111111111
61 0.583203125 0.25949074074074074 0.014322916666666666 0.060648148148148145
61 0.6309895833333333 0.25949074074074074 0.014583333333333334 0.060648148148148145
61 0.6466145833333333 0.25949074074074074 0.014583333333333334 0.060648148148148145
61 0.6638020833333333 0.25972222222222224 0.015104166666666667 0.06018518518518518
61 0.5671875 0.25925925925925924 0.0140625 0.06018518518518518
61 0.5204427083333333 0.2587962962962963 0.013802083333333333 0.06018518518518518
25 0.8692708333333333 0.25810185185185186 0.0265625 0.05416666666666667
25 0.7279947916666667 0.2571759259259259 0.014322916666666666 0.05416666666666667
25 0.75703125 0.2569444444444444 0.026041666666666668 0.053703703703703705
25 0.8317708333333333 0.2574074074074074 0.026041666666666668 0.05277777777777778
12 0.9493489583333333 0.12685185185185185 0.027864583333333335 0.12685185185185185
19 0.07916666666666666 0.15138888888888888 0.017708333333333333 0.075
19 0.04375 0.15185185185185185 0.017708333333333333 0.07314814814814814
19 0.06263020833333334 0.15046296296296297 0.017447916666666667 0.075
19 0.11393229166666667 0.1511574074074074 0.017447916666666667 0.07361111111111111
19 0.14778645833333334 0.15092592592592594 0.017447916666666667 0.07314814814814814
5 0.5375 0.0030092592592592593 0.018229166666666668 0.0060185185185185185
53 0.894140625 0.005092592592592593 0.029427083333333333 0.010185185185185186
81 0.5065104166666666 0.08101851851851852 0.014583333333333334 0.06388888888888888
81 0.6446614583333333 0.08194444444444444 0.015364583333333333 0.06388888888888888
81 0.6265625 0.08171296296296296 0.015104166666666667 0.06435185185185185
81 0.5923177083333333 0.08171296296296296 0.01484375 0.06435185185185185
81 0.5403645833333334 0.08171296296296296 0.015104166666666667 0.06435185185185185
81 0.6786458333333333 0.08217592592592593 0.015625 0.06435185185185185
19 0.21588541666666666 0.08287037037037037 0.015625 0.06388888888888888
19 0.16471354166666666 0.08356481481481481 0.017447916666666667 0.06435185185185185
19 0.11002604166666667 0.08425925925925926 0.017447916666666667 0.06388888888888888
19 0.07369791666666667 0.08518518518518518 0.017708333333333333 0.06388888888888888
73 0.004296875 0.08842592592592592 0.00859375 0.06759259259259259
108 0.8776041666666666 0.14444444444444443 0.022916666666666665 0.03425925925925926
101 0.41575520833333335 0.14050925925925925 0.015885416666666666 0.0912037037037037
108 0.7717447916666667 0.16944444444444445 0.023177083333333334 0.03425925925925926
81 0.5755208333333334 0.14930555555555555 0.014583333333333334 0.07453703703703704
81 0.5401041666666667 0.14953703703703702 0.014583333333333334 0.07407407407407407
81 0.5235677083333333 0.14953703703703702 0.01484375 0.07407407407407407
81 0.48919270833333334 0.14953703703703702 0.014322916666666666 0.07407407407407407
101 0.36106770833333335 0.1412037037037037 0.01640625 0.09074074074074075
19 0.21848958333333332 0.15 0.015625 0.07314814814814814
108 0.9049479166666666 0.17037037037037037 0.0234375 0.03333333333333333
108 0.8522135416666666 0.17037037037037037 0.023177083333333334 0.03333333333333333
81 0.6614583333333334 0.1502314814814815 0.015104166666666667 0.07361111111111111
101 0.326171875 0.1414351851851852 0.01640625 0.0912037037037037
101 0.310546875 0.14166666666666666 0.016927083333333332 0.09074074074074075
101 0.2779947916666667 0.14166666666666666 0.016927083333333332 0.09074074074074075
19 0.18307291666666667 0.15069444444444444 0.0171875 0.07361111111111111
57 0.8782552083333334 0.48541666666666666 0.01640625 0.07268518518518519
57 0.81484375 0.4858796296296296 0.016145833333333335 0.07268518518518519
1 0.6139322916666666 0.47638888888888886 0.04088541666666667 0.09537037037037037
102 0.010677083333333334 0.6152777777777778 0.018229166666666668 0.0787037037037037
102 0.0020833333333333333 0.6298611111111111 0.004166666666666667 0.04953703703703704
59 0.30416666666666664 0.6194444444444445 0.015625 0.07777777777777778
59 0.4315104166666667 0.6203703703703703 0.015104166666666667 0.07777777777777778
59 0.335546875 0.6201388888888889 0.015364583333333333 0.07824074074074074
59 0.384765625 0.6208333333333333 0.015364583333333333 0.07777777777777778
59 0.3515625 0.6206018518518519 0.015625 0.07824074074074074
128 0.8509114583333334 0.6365740740740741 0.014322916666666666 0.06666666666666667
38 0.06549479166666666 0.6775462962962963 0.02109375 0.09212962962962963
102 0.020442708333333334 0.6854166666666667 0.01796875 0.0763888888888889
38 0.123046875 0.6780092592592593 0.020572916666666666 0.09305555555555556
46 0.6114583333333333 0.6902777777777778 0.033854166666666664 0.07037037037037037
38 0.18307291666666667 0.6793981481481481 0.019791666666666666 0.09305555555555556
59 0.416796875 0.6918981481481481 0.01484375 0.06898148148148148
59 0.37018229166666666 0.6912037037037037 0.015364583333333333 0.07037037037037037
59 0.334765625 0.6900462962962963 0.015364583333333333 0.07361111111111111
59 0.28815104166666666 0.6902777777777778 0.015885416666666666 0.07314814814814814
38 0.221484375 0.680324074074074 0.01953125 0.09305555555555556
59 0.44869791666666664 0.6916666666666667 0.014583333333333334 0.0712962962962963
128 0.8130208333333333 0.6949074074074074 0.0140625 0.06574074074074074
59 0.400390625 0.6918981481481481 0.01484375 0.07175925925925926
99 0.44817708333333334 0.46435185185185185 0.021875 0.11388888888888889
124 0.071875 0.4388888888888889 0.030208333333333334 0.06388888888888888
70 0.3450520833333333 0.2983796296296296 0.021875 0.11805555555555555
80 0.006640625 0.26875 0.01328125 0.06712962962962964
12 0.990625 0.12777777777777777 0.018229166666666668 0.1259259259259259
19 0.095703125 0.15138888888888888 0.017447916666666667 0.07314814814814814
19 0.13059895833333332 0.15162037037037038 0.017447916666666667 0.07268518518518519
5 0.49166666666666664 0.0032407407407407406 0.018229166666666668 0.006481481481481481
5 0.6236979166666666 0.003703703703703704 0.01875 0.007407407407407408
46 0.13606770833333334 0.003935185185185185 0.026302083333333334 0.00787037037037037
8 0.33645833333333336 0.004398148148148148 0.058333333333333334 0.008796296296296297
53 0.8569010416666667 0.004861111111111111 0.029427083333333333 0.009722222222222222
55 0.993359375 0.006712962962962963 0.012760416666666666 0.013425925925925926
108 0.730078125 0.09212962962962963 0.007552083333333333 0.032407407407407406
108 0.8016927083333333 0.09236111111111112 0.023697916666666666 0.033796296296296297
81 0.48919270833333334 0.08125 0.01484375 0.06435185185185185
19 0.19856770833333334 0.08333333333333333 0.016927083333333332 0.06481481481481481
19 0.12877604166666667 0.08425925925925926 0.017447916666666667 0.06388888888888888
108 0.7296875 0.11782407407407407 0.008333333333333333 0.03194444444444444
108 0.8026041666666667 0.11828703703703704 0.0234375 0.03287037037037037
108 0.7752604166666667 0.11805555555555555 0.0234375 0.03333333333333333
108 0.857421875 0.11828703703703704 0.023177083333333334 0.033796296296296297
108 0.8022135416666667 0.1439814814814815 0.023177083333333334 0.03333333333333333
81 0.6265625 0.14930555555555555 0.015104166666666667 0.07453703703703704
57 0.7381510416666667 0.4858796296296296 0.015364583333333333 0.07361111111111111
59 0.27174479166666665 0.6189814814814815 0.015364583333333333 0.07777777777777778
128 0.78125 0.6365740740740741 0.0140625 0.06666666666666667
128 0.7532552083333334 0.6365740740740741 0.013802083333333333 0.06666666666666667
128 0.7235677083333333 0.6365740740740741 0.01328125 0.06666666666666667
128 0.8243489583333333 0.6372685185185185 0.014322916666666666 0.06620370370370371
128 0.7109375 0.6368055555555555 0.008333333333333333 0.06712962962962964
46 0.5028645833333333 0.6331018518518519 0.033854166666666664 0.07453703703703704
46 0.57734375 0.6344907407407407 0.033854166666666664 0.07453703703703704
106 0.9986979166666666 0.7025462962962963 0.0020833333333333333 0.02546296296296296
106 0.9841145833333333 0.6865740740740741 0.027604166666666666 0.075
106 0.9303385416666666 0.6865740740740741 0.02734375 0.075
128 0.8415364583333333 0.694675925925926 0.014322916666666666 0.06527777777777778
128 0.7983072916666667 0.6949074074074074 0.013802083333333333 0.06481481481481481
128 0.8799479166666667 0.6951388888888889 0.014583333333333334 0.06527777777777778
128 0.7596354166666667 0.6953703703703704 0.013541666666666667 0.06574074074074074
128 0.77265625 0.6960648148148149 0.013541666666666667 0.06527777777777778
128 0.7334635416666667 0.6960648148148149 0.01328125 0.06527777777777778
19 0.008723958333333334 0.4863425925925926 0.016927083333333332 0.06898148148148148
99 0.34921875 0.46435185185185185 0.022916666666666665 0.11296296296296296
30 0.9919270833333333 0.48564814814814816 0.015625 0.07037037037037037
124 0.13671875 0.48912037037037037 0.0296875 0.06157407407407407
124 0.166015625 0.48819444444444443 0.029427083333333333 0.06342592592592593
124 0.073046875 0.49050925925925926 0.029947916666666668 0.05694444444444444
124 0.22682291666666668 0.4858796296296296 0.026041666666666668 0.06342592592592593
124 0.14075520833333333 0.4388888888888889 0.029947916666666668 0.06388888888888888
61 0.5354166666666667 0.3226851851851852 0.0140625 0.0712962962962963
61 0.5514322916666666 0.32337962962962963 0.014322916666666666 0.06898148148148148
61 0.6821614583333333 0.32175925925925924 0.01484375 0.07222222222222222
71 0.22369791666666666 0.30625 0.018229166666666668 0.09953703703703703
106 0.9459635416666666 0.2641203703703704 0.026302083333333334 0.06342592592592593
61 0.59921875 0.25925925925925924 0.014583333333333334 0.06018518518518518
12 0.9735677083333333 0.12824074074074074 0.028385416666666666 0.12685185185185185
81 0.67734375 0.15046296296296297 0.015625 0.075
53 0.73828125 0.0032407407407407406 0.018229166666666668 0.006481481481481481
5 0.5803385416666667 0.0032407407407407406 0.018489583333333334 0.006481481481481481
5 0.687890625 0.003935185185185185 0.018489583333333334 0.00787037037037037
53 0.8177083333333334 0.004166666666666667 0.028645833333333332 0.008333333333333333
8 0.278515625 0.004398148148148148 0.05755208333333333 0.008796296296296297
128 0.004427083333333333 0.005787037037037037 0.008854166666666666 0.011574074074074073
55 0.9537760416666666 0.006481481481481481 0.019010416666666665 0.012962962962962963
81 0.5572916666666666 0.08171296296296296 0.015104166666666667 0.06435185185185185
19 0.05572916666666667 0.08564814814814815 0.017708333333333333 0.06388888888888888
108 0.8858072916666667 0.11875 0.023697916666666666 0.033796296296296297
108 0.7493489583333334 0.14421296296296296 0.023177083333333334 0.03287037037037037
108 0.852734375 0.14467592592592593 0.023177083333333334 0.034722222222222224
81 0.6088541666666667 0.14976851851851852 0.015104166666666667 0.07361111111111111
101 0.29440104166666664 0.14166666666666666 0.016927083333333332 0.09074074074074075
57 0.7533854166666667 0.48541666666666666 0.015104166666666667 0.07268518518518519
57 0.862890625 0.4858796296296296 0.01640625 0.07268518518518519
99 0.3255208333333333 0.46550925925925923 0.022916666666666665 0.11342592592592593
1 0.5748697916666666 0.4756944444444444 0.03984375 0.09583333333333334
1 0.5 0.4775462962962963 0.036458333333333336 0.09212962962962963
59 0.41575520833333335 0.6208333333333333 0.01484375 0.07777777777777778
59 0.4002604166666667 0.6206018518518519 0.015104166666666667 0.07824074074074074
106 0.969140625 0.6261574074074074 0.027864583333333335 0.0763888888888889
106 0.993359375 0.6268518518518519 0.012760416666666666 0.07592592592592592
128 0.7384114583333333 0.6365740740740741 0.01328125 0.06666666666666667
38 0.08346354166666667 0.6796296296296296 0.02109375 0.09259259259259259
59 0.3190104166666667 0.6895833333333333 0.015625 0.07453703703703704
38 0.23919270833333334 0.6805555555555556 0.01953125 0.09259259259259259
128 0.708203125 0.6990740740740741 0.008072916666666667 0.05925925925925926
99 0.397265625 0.46458333333333335 0.022135416666666668 0.11342592592592593
57 0.7841145833333333 0.4849537037037037 0.015625 0.07268518518518519
57 0.8307291666666666 0.4849537037037037 0.016145833333333335 0.07268518518518519
99 0.27877604166666664 0.4638888888888889 0.023697916666666666 0.11296296296296296
30 0.9313802083333333 0.48703703703703705 0.03359375 0.06388888888888888
124 0.10559895833333334 0.48865740740740743 0.029947916666666668 0.0587962962962963
30 0.933984375 0.43449074074074073 0.03411458333333333 0.06527777777777778
71 0.07734375 0.30833333333333335 0.021875 0.09907407407407408
71 0.11692708333333333 0.30810185185185185 0.021875 0.09953703703703703
71 0.18229166666666666 0.30787037037037035 0.021354166666666667 0.1
71 0.20247395833333334 0.3074074074074074 0.02109375 0.1
70 0.272265625 0.2983796296296296 0.022135416666666668 0.11805555555555555
70 0.3944010416666667 0.2983796296296296 0.021614583333333333 0.11805555555555555
70 0.444140625 0.2983796296296296 0.02109375 0.11805555555555555
106 0.9717447916666667 0.32037037037037036 0.026822916666666665 0.07407407407407407
71 0.13893229166666668 0.30671296296296297 0.021614583333333333 0.09953703703703703
80 0.014453125 0.32222222222222224 0.02890625 0.06759259259259259
25 0.8393229166666667 0.3122685185185185 0.03229166666666667 0.08472222222222223
61 0.6153645833333333 0.25949074074074074 0.014583333333333334 0.060648148148148145
61 0.6809895833333334 0.25972222222222224 0.015104166666666667 0.06018518518518518
25 0.7938802083333333 0.2571759259259259 0.02578125 0.05324074074074074