63 0.911328125 0.023148148148148147 0.01328125 0.046296296296296294
63 0.8842447916666667 0.023148148148148147 0.01328125 0.046296296296296294
63 0.8446614583333333 0.023148148148148147 0.012760416666666666 0.046296296296296294
34 0.2559895833333333 0.023148148148148147 0.027083333333333334 0.046296296296296294
63 0.9515625 0.02337962962962963 0.013541666666666667 0.04675925925925926
34 0.22630208333333332 0.02337962962962963 0.027083333333333334 0.04675925925925926
34 0.169140625 0.02337962962962963 0.02734375 0.04675925925925926
124 0.4993489583333333 0.02847222222222222 0.023697916666666666 0.04583333333333333
124 0.6329427083333333 0.028935185185185185 0.023697916666666666 0.04675925925925926
124 0.5483072916666667 0.07083333333333333 0.023177083333333334 0.04537037037037037
124 0.498046875 0.07152777777777777 0.023697916666666666 0.04490740740740741
70 0.4171875 0.04837962962962963 0.015625 0.0912037037037037
70 0.32760416666666664 0.04837962962962963 0.016666666666666666 0.0912037037037037
34 0.228125 0.06828703703703703 0.027083333333333334 0.05138888888888889
63 0.8428385416666667 0.07037037037037037 0.012760416666666666 0.049074074074074076
63 0.96328125 0.07083333333333333 0.013541666666666667 0.049074074074074076
63 0.9505208333333334 0.07083333333333333 0.013541666666666667 0.049074074074074076
63 0.924609375 0.07060185185185185 0.01328125 0.04953703703703704
63 0.882421875 0.07060185185185185 0.01328125 0.04953703703703704
103 0.8029947916666667 0.06226851851851852 0.012760416666666666 0.06620370370370371
103 0.7623697916666666 0.062037037037037036 0.012760416666666666 0.06666666666666667
103 0.7364583333333333 0.062037037037037036 0.0125 0.06666666666666667
103 0.7095052083333333 0.062037037037037036 0.012239583333333333 0.06666666666666667
103 0.68515625 0.06180555555555556 0.011979166666666667 0.06712962962962964
8 0.09140625 0.04791666666666667 0.04479166666666667 0.09583333333333334
8 0.018880208333333332 0.04791666666666667 0.037760416666666664 0.09583333333333334
98 0.12018229166666666 0.14953703703703702 0.011197916666666667 0.049074074074074076
98 0.108203125 0.14953703703703702 0.011197916666666667 0.049074074074074076
98 0.09674479166666666 0.14953703703703702 0.011197916666666667 0.049074074074074076
98 0.08463541666666667 0.14976851851851852 0.011458333333333333 0.04861111111111111
98 0.07239583333333334 0.14976851851851852 0.011979166666666667 0.04861111111111111
98 0.060807291666666666 0.14976851851851852 0.01171875 0.04861111111111111
98 0.049609375 0.14976851851851852 0.01171875 0.04861111111111111
98 0.027473958333333333 0.15 0.012239583333333333 0.049074074074074076
98 0.016666666666666666 0.15 0.011979166666666667 0.049074074074074076
98 0.005989583333333334 0.15 0.011979166666666667 0.049074074074074076
126 0.9415364583333333 0.1571759259259259 0.01328125 0.04861111111111111
126 0.8756510416666666 0.15694444444444444 0.012760416666666666 0.049074074074074076
126 0.839453125 0.15671296296296297 0.012760416666666666 0.04953703703703704
126 0.9658854166666667 0.1574074074074074 0.013020833333333334 0.049074074074074076
51 0.5735677083333334 0.18171296296296297 0.01640625 0.09027777777777778
51 0.51484375 0.18171296296296297 0.016145833333333335 0.09027777777777778
51 0.49609375 0.18171296296296297 0.016145833333333335 0.09027777777777778
6 0.4490885416666667 0.18935185185185185 0.020052083333333335 0.075
6 0.378515625 0.18935185185185185 0.020052083333333335 0.075
6 0.35455729166666666 0.18981481481481483 0.020052083333333335 0.07407407407407407
6 0.6864583333333333 0.18912037037037038 0.020833333333333332 0.0763888888888889
6 0.666796875 0.18888888888888888 0.01328125 0.07685185185185185
51 0.5921875 0.18217592592592594 0.016145833333333335 0.09027777777777778
128 0.3014322916666667 0.1960648148148148 0.005989583333333334 0.0625
128 0.29153645833333336 0.19583333333333333 0.01171875 0.06296296296296296
128 0.278515625 0.19583333333333333 0.01171875 0.06296296296296296
128 0.240625 0.19583333333333333 0.011979166666666667 0.06296296296296296
128 0.22721354166666666 0.1960648148148148 0.012239583333333333 0.0625
128 0.202734375 0.1960648148148148 0.012239583333333333 0.0625
128 0.18971354166666668 0.1962962962962963 0.012239583333333333 0.062037037037037036
98 0.0890625 0.19953703703703704 0.011458333333333333 0.05555555555555555
98 0.010677083333333334 0.1997685185185185 0.011979166666666667 0.055092592592592596
126 0.9634114583333333 0.20416666666666666 0.01328125 0.04722222222222222
126 0.8615885416666667 0.20416666666666666 0.012239583333333333 0.04722222222222222
6 0.7540364583333333 0.18935185185185185 0.02109375 0.07685185185185185
6 0.7095052083333333 0.18935185185185185 0.02109375 0.07685185185185185
6 0.401171875 0.19027777777777777 0.020572916666666666 0.075
128 0.177734375 0.19652777777777777 0.012239583333333333 0.0625
128 0.16536458333333334 0.1962962962962963 0.0125 0.06296296296296296
98 0.13567708333333334 0.2 0.0109375 0.05555555555555555
98 0.11302083333333333 0.1997685185185185 0.011458333333333333 0.056018518518518516
98 0.10104166666666667 0.1997685185185185 0.011458333333333333 0.056018518518518516
98 0.07747395833333333 0.1997685185185185 0.01171875 0.056018518518518516
98 0.0671875 0.1997685185185185 0.011458333333333333 0.056018518518518516
98 0.05625 0.19953703703703704 0.011458333333333333 0.05648148148148148
98 0.04479166666666667 0.1997685185185185 0.011979166666666667 0.056018518518518516
98 0.022135416666666668 0.2 0.011979166666666667 0.05555555555555555
126 0.926171875 0.20462962962962963 0.012760416666666666 0.04722222222222222
126 0.888671875 0.2039351851851852 0.012760416666666666 0.04861111111111111
126 0.82421875 0.20439814814814813 0.0125 0.047685185185185185
77 0.26640625 0.28032407407407406 0.016666666666666666 0.033796296296296297
77 0.22799479166666667 0.28055555555555556 0.01640625 0.03425925925925926
77 0.17135416666666667 0.2810185185185185 0.016666666666666666 0.03425925925925926
112 0.41796875 0.2796296296296296 0.017708333333333333 0.04351851851851852
112 0.3377604166666667 0.2793981481481482 0.018229166666666668 0.04398148148148148
112 0.3899739583333333 0.2798611111111111 0.01796875 0.04398148148148148
112 0.36380208333333336 0.2800925925925926 0.018229166666666668 0.044444444444444446
73 0.623046875 0.2810185185185185 0.018489583333333334 0.046296296296296294
73 0.5440104166666667 0.2810185185185185 0.018229166666666668 0.046296296296296294
73 0.570703125 0.28125 0.018489583333333334 0.04675925925925926
73 0.49752604166666664 0.2814814814814815 0.019010416666666665 0.04722222222222222
124 0.6682291666666667 0.28402777777777777 0.019791666666666666 0.052314814814814814
1 0.8825520833333333 0.4462962962962963 0.0328125 0.07222222222222222
1 0.8227864583333333 0.4462962962962963 0.03411458333333333 0.07222222222222222
13 0.7649739583333334 0.5456018518518518 0.014322916666666666 0.06157407407407407
13 0.749609375 0.5456018518518518 0.014322916666666666 0.06157407407407407
13 0.71875 0.5456018518518518 0.0140625 0.06157407407407407
13 0.6723958333333333 0.5458333333333333 0.013541666666666667 0.06111111111111111
13 0.7795572916666667 0.5460648148148148 0.014322916666666666 0.06157407407407407
58 0.11106770833333333 0.55 0.012239583333333333 0.05740740740740741
58 0.09869791666666666 0.5502314814814815 0.0125 0.05694444444444444
58 0.05286458333333333 0.55 0.0125 0.05740740740740741
58 0.040755208333333334 0.5502314814814815 0.012760416666666666 0.05694444444444444
58 0.133984375 0.5504629629629629 0.012239583333333333 0.05740740740740741
58 0.08684895833333334 0.5504629629629629 0.012239583333333333 0.05740740740740741
98 0.5837239583333333 0.5523148148148148 0.009635416666666667 0.05648148148148148
98 0.5596354166666667 0.5525462962962963 0.009895833333333333 0.056018518518518516
98 0.5041666666666667 0.5523148148148148 0.009895833333333333 0.05648148148148148
98 0.6208333333333333 0.5527777777777778 0.009895833333333333 0.05648148148148148
98 0.5475260416666666 0.5527777777777778 0.01015625 0.05648148148148148
98 0.52578125 0.5527777777777778 0.009895833333333333 0.05648148148148148
98 0.5364583333333334 0.5532407407407407 0.009895833333333333 0.05648148148148148
124 0.1796875 0.5650462962962963 0.024479166666666666 0.050462962962962966
124 0.25755208333333335 0.5659722222222222 0.023958333333333335 0.050462962962962966
124 0.182421875 0.6050925925925926 0.02421875 0.04814814814814815
124 0.26640625 0.6041666666666666 0.023958333333333335 0.05092592592592592
124 0.21028645833333334 0.6053240740740741 0.02421875 0.04861111111111111
58 0.06901041666666667 0.6025462962962963 0.0125 0.056018518518518516
58 0.14088541666666668 0.6027777777777777 0.011979166666666667 0.05648148148148148
58 0.11783854166666667 0.6027777777777777 0.012239583333333333 0.05648148148148148
58 0.09388020833333334 0.6027777777777777 0.012239583333333333 0.05648148148148148
58 0.081640625 0.6027777777777777 0.012239583333333333 0.05648148148148148
58 0.04505208333333333 0.6032407407407407 0.0125 0.05555555555555555
58 0.032942708333333334 0.6039351851851852 0.012760416666666666 0.05416666666666667
52 0.8194010416666667 0.5946759259259259 0.015364583333333333 0.07361111111111111
13 0.74296875 0.600925925925926 0.0140625 0.06111111111111111
58 0.12916666666666668 0.6032407407407407 0.011979166666666667 0.05648148148148148
58 0.020963541666666665 0.6043981481481482 0.012760416666666666 0.05416666666666667
13 0.6975260416666667 0.6013888888888889 0.013802083333333333 0.06111111111111111
52 0.9423177083333333 0.5953703703703703 0.01640625 0.07407407407407407
52 0.8959635416666667 0.5953703703703703 0.015885416666666666 0.07407407407407407
52 0.8654947916666667 0.5953703703703703 0.015885416666666666 0.07407407407407407
13 0.669140625 0.6023148148148149 0.013802083333333333 0.06018518518518518
98 0.6151041666666667 0.6043981481481482 0.009895833333333333 0.056018518518518516
4 0.43502604166666664 0.5844907407407407 0.015364583333333333 0.09583333333333334
4 0.38111979166666665 0.5844907407407407 0.015885416666666666 0.09583333333333334
98 0.5815104166666667 0.6050925925925926 0.009895833333333333 0.05555555555555555
98 0.5604166666666667 0.6055555555555555 0.009895833333333333 0.05462962962962963
98 0.5255208333333333 0.6064814814814815 0.009895833333333333 0.05277777777777778
4 0.3483072916666667 0.5849537037037037 0.01640625 0.09583333333333334
4 0.33359375 0.5851851851851851 0.014583333333333334 0.0962962962962963
100 0.331640625 0.44837962962962963 0.010677083333333334 0.06527777777777778
100 0.35377604166666665 0.44837962962962963 0.010677083333333334 0.06527777777777778
100 0.38645833333333335 0.44837962962962963 0.010416666666666666 0.06527777777777778
100 0.4200520833333333 0.44814814814814813 0.010416666666666666 0.06574074074074074
100 0.44166666666666665 0.44837962962962963 0.0109375 0.06527777777777778
100 0.453515625 0.44814814814814813 0.011197916666666667 0.06574074074074074
63 0.49270833333333336 0.45601851851851855 0.011458333333333333 0.05
63 0.5868489583333333 0.45578703703703705 0.01171875 0.050462962962962966
63 0.626171875 0.45578703703703705 0.01171875 0.050462962962962966
95 0.04934895833333333 0.4548611111111111 0.012239583333333333 0.05138888888888889
95 0.08541666666666667 0.4548611111111111 0.011979166666666667 0.05138888888888889
63 0.5609375 0.45555555555555555 0.011458333333333333 0.05
63 0.5998697916666667 0.45555555555555555 0.01171875 0.05
95 0.0734375 0.45439814814814816 0.011979166666666667 0.05138888888888889
95 0.109375 0.45439814814814816 0.011979166666666667 0.05138888888888889
23 0.21796875 0.4511574074074074 0.027083333333333334 0.056018518518518516
114 0.7138020833333333 0.4486111111111111 0.0234375 0.06111111111111111
98 0.819140625 0.32685185185185184 0.012239583333333333 0.06111111111111111
98 0.918359375 0.32708333333333334 0.012760416666666666 0.060648148148148145
98 0.9555989583333333 0.32708333333333334 0.012760416666666666 0.060648148148148145
98 0.8430989583333334 0.3266203703703704 0.01171875 0.060648148148148145
98 0.85546875 0.3266203703703704 0.011979166666666667 0.060648148148148145
98 0.868359375 0.3266203703703704 0.012239583333333333 0.060648148148148145
98 0.9057291666666667 0.3266203703703704 0.0125 0.060648148148148145
98 0.930078125 0.3266203703703704 0.012760416666666666 0.060648148148148145
98 0.943359375 0.3266203703703704 0.012760416666666666 0.060648148148148145
22 0.01875 0.32592592592592595 0.013020833333333334 0.06111111111111111
22 0.04205729166666667 0.3261574074074074 0.012760416666666666 0.060648148148148145
22 0.065625 0.32569444444444445 0.0125 0.060648148148148145
22 0.08958333333333333 0.32569444444444445 0.0125 0.060648148148148145
22 0.12604166666666666 0.32569444444444445 0.0125 0.060648148148148145
77 0.1734375 0.3386574074074074 0.016666666666666666 0.033796296296296297
77 0.287109375 0.33819444444444446 0.01640625 0.033796296296296297
77 0.23138020833333334 0.3375 0.01640625 0.03425925925925926
112 0.4158854166666667 0.3247685185185185 0.022916666666666665 0.0587962962962963
73 0.5705729166666667 0.3263888888888889 0.020833333333333332 0.05555555555555555
124 0.72421875 0.3282407407407407 0.026041666666666668 0.05185185185185185
112 0.390625 0.324537037037037 0.022916666666666665 0.058333333333333334
112 0.33880208333333334 0.32384259259259257 0.022916666666666665 0.0587962962962963
77 0.17200520833333333 0.3101851851851852 0.016927083333333332 0.03425925925925926
77 0.2657552083333333 0.3101851851851852 0.016927083333333332 0.03333333333333333
77 0.2296875 0.30949074074074073 0.016666666666666666 0.033796296296296297
124 0.7571614583333334 0.2847222222222222 0.026302083333333334 0.05277777777777778
63 0.8716145833333333 0.023148148148148147 0.013020833333333334 0.046296296296296294
34 0.2858072916666667 0.023148148148148147 0.026302083333333334 0.046296296296296294
63 0.9375 0.02337962962962963 0.013541666666666667 0.04675925925925926
34 0.19791666666666666 0.02361111111111111 0.027083333333333334 0.04722222222222222
124 0.6055989583333333 0.02847222222222222 0.023697916666666666 0.04675925925925926
124 0.5252604166666667 0.028703703703703703 0.023958333333333335 0.046296296296296294
124 0.6061197916666666 0.07106481481481482 0.023697916666666666 0.04490740740740741
34 0.28658854166666664 0.06828703703703703 0.026822916666666665 0.050462962962962966
34 0.19791666666666666 0.06851851851851852 0.027083333333333334 0.05
124 0.5220052083333333 0.0712962962962963 0.023697916666666666 0.04537037037037037
70 0.3990885416666667 0.04837962962962963 0.01640625 0.0912037037037037
34 0.16848958333333333 0.06875 0.027083333333333334 0.050462962962962966
70 0.4348958333333333 0.04861111111111111 0.016145833333333335 0.09166666666666666
70 0.3444010416666667 0.04861111111111111 0.01640625 0.09166666666666666
34 0.25638020833333336 0.06898148148148148 0.026822916666666665 0.05092592592592592
103 0.72265625 0.06157407407407407 0.0125 0.06666666666666667
103 0.7901041666666667 0.062037037037037036 0.013020833333333334 0.06666666666666667
103 0.69765625 0.062037037037037036 0.0125 0.06666666666666667
8 0.053125 0.04791666666666667 0.04114583333333333 0.09583333333333334
126 0.9279947916666667 0.1571759259259259 0.01328125 0.04861111111111111
126 0.8876302083333333 0.15694444444444444 0.012760416666666666 0.049074074074074076
126 0.8264322916666667 0.15694444444444444 0.012239583333333333 0.049074074074074076
126 0.95390625 0.1574074074074074 0.013020833333333334 0.049074074074074076
126 0.864453125 0.1571759259259259 0.012760416666666666 0.04953703703703704
6 0.7770833333333333 0.18912037037037038 0.020833333333333332 0.07546296296296297
126 0.9130208333333333 0.20439814814814813 0.013020833333333334 0.04675925925925926
126 0.8755208333333333 0.20416666666666666 0.0125 0.04722222222222222
126 0.9384114583333333 0.20439814814814813 0.012760416666666666 0.047685185185185185
126 0.8486979166666667 0.2039351851851852 0.0125 0.04861111111111111
77 0.209375 0.2800925925925926 0.016666666666666666 0.03425925925925926
124 0.6967447916666667 0.28402777777777777 0.02578125 0.052314814814814814
13 0.6583333333333333 0.5451388888888888 0.0109375 0.060648148148148145
13 0.7342447916666667 0.5453703703703704 0.014322916666666666 0.06111111111111111
13 0.6873697916666667 0.5453703703703704 0.013802083333333333 0.06111111111111111
58 0.146484375 0.55 0.012239583333333333 0.05740740740740741
58 0.017838541666666666 0.5504629629629629 0.012760416666666666 0.05740740740740741
98 0.60859375 0.5527777777777778 0.009895833333333333 0.05648148148148148
98 0.5716145833333334 0.5527777777777778 0.009895833333333333 0.05648148148148148
98 0.6321614583333334 0.5532407407407407 0.01015625 0.05648148148148148
98 0.5153645833333333 0.5532407407407407 0.009895833333333333 0.05648148148148148
124 0.2845052083333333 0.5655092592592592 0.023697916666666666 0.050462962962962966
124 0.23307291666666666 0.5664351851851852 0.023958333333333335 0.050462962962962966
124 0.294140625 0.6050925925925926 0.023697916666666666 0.05092592592592592
13 0.78671875 0.6011574074074074 0.014583333333333334 0.060648148148148145
13 0.75859375 0.600925925925926 0.0140625 0.06111111111111111
58 0.05651041666666667 0.6039351851851852 0.0125 0.055092592592592596
13 0.7276041666666667 0.6013888888888889 0.0140625 0.06111111111111111
13 0.6825520833333333 0.6013888888888889 0.0140625 0.06111111111111111
13 0.6567708333333333 0.6030092592592593 0.010416666666666666 0.05787037037037037
98 0.6270833333333333 0.6041666666666666 0.009895833333333333 0.05648148148148148
98 0.5932291666666667 0.6043981481481482 0.009895833333333333 0.056018518518518516
98 0.5369791666666667 0.6057870370370371 0.009895833333333333 0.05324074074074074
98 0.5033854166666667 0.6053240740740741 0.009895833333333333 0.05416666666666667
98 0.5708333333333333 0.60625 0.009895833333333333 0.05324074074074074
98 0.5145833333333333 0.6060185185185185 0.009895833333333333 0.053703703703703705
98 0.4920572916666667 0.60625 0.009635416666666667 0.05324074074074074
4 0.4173177083333333 0.5849537037037037 0.015364583333333333 0.09583333333333334
98 0.604296875 0.6050925925925926 0.009635416666666667 0.05648148148148148
4 0.45234375 0.5851851851851851 0.015104166666666667 0.0962962962962963
4 0.36432291666666666 0.5851851851851851 0.016145833333333335 0.0962962962962963
100 0.40872395833333336 0.44837962962962963 0.010677083333333334 0.06527777777777778
95 0.037890625 0.45439814814814816 0.012239583333333333 0.05138888888888889
114 0.6638020833333333 0.4474537037037037 0.017708333333333333 0.060648148148148145
98 0.8305989583333333 0.3266203703703704 0.01171875 0.060648148148148145
98 0.8811197916666667 0.32685185185185184 0.012239583333333333 0.06018518518518518
77 0.19244791666666666 0.33773148148148147 0.016666666666666666 0.034722222222222224
77 0.2688802083333333 0.3375 0.01640625 0.03425925925925926
63 0.9248697916666667 0.023148148148148147 0.01328125 0.046296296296296294
63 0.8977864583333334 0.023148148148148147 0.01328125 0.046296296296296294
63 0.85859375 0.023148148148148147 0.013020833333333334 0.046296296296296294
63 0.8317708333333333 0.023148148148148147 0.013020833333333334 0.046296296296296294
63 0.965625 0.02337962962962963 0.013541666666666667 0.04675925925925926
124 0.5774739583333334 0.028703703703703703 0.023697916666666666 0.046296296296296294
70 0.36184895833333336 0.04837962962962963 0.01640625 0.0912037037037037
103 0.6641927083333333 0.06180555555555556 0.0033854166666666668 0.06527777777777778
70 0.45208333333333334 0.04861111111111111 0.016145833333333335 0.09166666666666666
63 0.869140625 0.07037037037037037 0.01328125 0.049074074074074076
63 0.8553385416666667 0.07013888888888889 0.01328125 0.04953703703703704
63 0.830078125 0.07037037037037037 0.012760416666666666 0.049074074074074076
103 0.7759114583333333 0.06180555555555556 0.012760416666666666 0.06620370370370371
63 0.9376302083333333 0.07060185185185185 0.01328125 0.04953703703703704
63 0.8963541666666667 0.07060185185185185 0.013020833333333334 0.04953703703703704
103 0.74921875 0.06180555555555556 0.0125 0.06712962962962964
98 0.13229166666666667 0.14953703703703702 0.011458333333333333 0.049074074074074076
98 0.03828125 0.15 0.011979166666666667 0.049074074074074076
126 0.914453125 0.15694444444444444 0.012760416666666666 0.049074074074074076
126 0.8526041666666667 0.15694444444444444 0.0125 0.049074074074074076
128 0.253515625 0.1960648148148148 0.01171875 0.0625
98 0.12434895833333333 0.1997685185185185 0.011197916666666667 0.056018518518518516
98 0.03359375 0.1997685185185185 0.011979166666666667 0.056018518518518516
126 0.95078125 0.20439814814814813 0.013020833333333334 0.047685185185185185
1 0.853125 0.4474537037037037 0.03177083333333333 0.0699074074074074
13 0.7940104166666667 0.5453703703703704 0.014583333333333334 0.06111111111111111
13 0.7029947916666667 0.5453703703703704 0.013802083333333333 0.06111111111111111
58 0.029166666666666667 0.5502314814814815 0.0125 0.05694444444444444
58 0.12278645833333333 0.5506944444444445 0.012239583333333333 0.05694444444444444
58 0.075390625 0.5504629629629629 0.012239583333333333 0.05740740740740741
52 0.9114583333333334 0.5946759259259259 0.016145833333333335 0.07361111111111111
52 0.8805989583333333 0.5949074074074074 0.015885416666666666 0.07407407407407407
13 0.7123697916666667 0.6011574074074074 0.013802083333333333 0.06157407407407407
4 0.3997395833333333 0.5840277777777778 0.015625 0.09583333333333334
52 0.9274739583333333 0.5956018518518519 0.01640625 0.07361111111111111
13 0.7733072916666667 0.6018518518518519 0.014322916666666666 0.06111111111111111
98 0.5490885416666667 0.6046296296296296 0.01015625 0.05555555555555555
100 0.430859375 0.4486111111111111 0.01015625 0.06574074074074074
100 0.34270833333333334 0.44814814814814813 0.0109375 0.06574074074074074
100 0.3651041666666667 0.44814814814814813 0.011458333333333333 0.06574074074074074
100 0.3763020833333333 0.44837962962962963 0.010416666666666666 0.06527777777777778
100 0.39752604166666666 0.44814814814814813 0.011197916666666667 0.06574074074074074
100 0.46575520833333334 0.44814814814814813 0.010677083333333334 0.06574074074074074
63 0.5477864583333333 0.45578703703703705 0.01171875 0.050462962962962966
63 0.5739583333333333 0.45578703703703705 0.011458333333333333 0.050462962962962966
63 0.6131510416666667 0.45578703703703705 0.01171875 0.050462962962962966
95 0.026041666666666668 0.4548611111111111 0.011979166666666667 0.05138888888888889
95 0.0609375 0.4548611111111111 0.011979166666666667 0.05138888888888889
95 0.09700520833333333 0.4548611111111111 0.01171875 0.05138888888888889
63 0.5059895833333333 0.45555555555555555 0.011458333333333333 0.05
95 0.12213541666666666 0.45439814814814816 0.011979166666666667 0.05138888888888889
114 0.738671875 0.44884259259259257 0.023177083333333334 0.060648148148148145
114 0.688671875 0.44837962962962963 0.023177083333333334 0.060648148148148145
23 0.1875 0.45023148148148145 0.027604166666666666 0.056018518518518516
23 0.248828125 0.45046296296296295 0.02734375 0.05555555555555555
114 0.7653645833333333 0.4474537037037037 0.0234375 0.060648148148148145
22 0.10104166666666667 0.3263888888888889 0.0125 0.06111111111111111
98 0.89296875 0.3266203703703704 0.0125 0.060648148148148145
22 0.030989583333333334 0.32592592592592595 0.013020833333333334 0.06111111111111111
22 0.05325520833333333 0.3261574074074074 0.012760416666666666 0.060648148148148145
22 0.11302083333333333 0.32592592592592595 0.0125 0.06111111111111111
124 0.6924479166666667 0.3284722222222222 0.026041666666666668 0.052314814814814814
77 0.190625 0.30925925925925923 0.016666666666666666 0.03333333333333333
77 0.284765625 0.30925925925925923 0.01640625 0.03333333333333333
124 0.5509114583333333 0.028935185185185185 0.023697916666666666 0.04675925925925926
124 0.5776041666666667 0.0712962962962963 0.0234375 0.044444444444444446
70 0.38059895833333335 0.04837962962962963 0.01640625 0.0912037037037037
103 0.6720052083333333 0.06157407407407407 0.012239583333333333 0.06666666666666667
63 0.9106770833333333 0.07037037037037037 0.013020833333333334 0.05
126 0.9009114583333333 0.15694444444444444 0.012760416666666666 0.049074074074074076
51 0.55390625 0.1814814814814815 0.016145833333333335 0.08981481481481482
51 0.533984375 0.1814814814814815 0.015885416666666666 0.08981481481481482
51 0.628515625 0.18171296296296297 0.01640625 0.09027777777777778
51 0.6100260416666666 0.18171296296296297 0.01640625 0.09027777777777778
6 0.4244791666666667 0.18935185185185185 0.0203125 0.075
128 0.266015625 0.19583333333333333 0.01171875 0.06296296296296296
126 0.836328125 0.2039351851851852 0.012239583333333333 0.047685185185185185
6 0.7319010416666667 0.18935185185185185 0.02109375 0.07685185185185185
6 0.3321614583333333 0.19027777777777777 0.020572916666666666 0.075
128 0.21458333333333332 0.19652777777777777 0.011979166666666667 0.0625
126 0.900390625 0.20439814814814813 0.012760416666666666 0.047685185185185185
77 0.28567708333333336 0.28032407407407406 0.016666666666666666 0.033796296296296297
77 0.246875 0.2800925925925926 0.016666666666666666 0.03425925925925926
77 0.301171875 0.28078703703703706 0.01015625 0.033796296296296297
77 0.18984375 0.28055555555555556 0.016666666666666666 0.03425925925925926
112 0.4434895833333333 0.2800925925925926 0.018229166666666668 0.044444444444444446
73 0.5967447916666667 0.28125 0.018489583333333334 0.04675925925925926
73 0.51953125 0.2814814814814815 0.01875 0.04722222222222222
124 0.7865885416666667 0.28402777777777777 0.026302083333333334 0.052314814814814814
124 0.7278645833333334 0.28402777777777777 0.026041666666666668 0.052314814814814814
1 0.9119791666666667 0.4462962962962963 0.03177083333333333 0.07222222222222222
58 0.06432291666666666 0.5504629629629629 0.0125 0.05740740740740741
98 0.59609375 0.5525462962962963 0.009895833333333333 0.056018518518518516
98 0.4921875 0.5527777777777778 0.009895833333333333 0.05648148148148148
124 0.207421875 0.5652777777777778 0.02421875 0.05
124 0.23776041666666667 0.6053240740740741 0.023958333333333335 0.050462962962962966
58 0.10559895833333334 0.6030092592592593 0.012239583333333333 0.05694444444444444
52 0.8497395833333333 0.5949074074074074 0.015625 0.07407407407407407
52 0.8348958333333333 0.5956018518518519 0.015625 0.07361111111111111
1 0.9419270833333333 0.4476851851851852 0.034375 0.06944444444444445
95 0.13424479166666667 0.4548611111111111 0.01171875 0.05138888888888889
95 0.146484375 0.4546296296296296 0.01171875 0.05185185185185185
63 0.519921875 0.45555555555555555 0.011197916666666667 0.05
63 0.5341145833333333 0.45532407407407405 0.011458333333333333 0.050462962962962966
23 0.27838541666666666 0.45185185185185184 0.027083333333333334 0.05555555555555555
22 0.076953125 0.3261574074074074 0.012760416666666666 0.060648148148148145
22 0.13854166666666667 0.3261574074074074 0.011979166666666667 0.060648148148148145
77 0.21184895833333334 0.33819444444444446 0.01640625 0.034722222222222224
77 0.25026041666666665 0.33796296296296297 0.016666666666666666 0.03425925925925926
73 0.547265625 0.32685185185185184 0.02109375 0.05648148148148148
73 0.594140625 0.32708333333333334 0.02109375 0.056018518518518516
124 0.66640625 0.33125 0.018229166666666668 0.047685185185185185
77 0.30234375 0.33819444444444446 0.009895833333333333 0.03287037037037037
112 0.365234375 0.3247685185185185 0.02265625 0.0587962962962963
112 0.440625 0.324537037037037 0.022916666666666665 0.05925925925925926
73 0.5247395833333334 0.32592592592592595 0.019791666666666666 0.05648148148148148
124 0.75625 0.32939814814814816 0.026041666666666668 0.04953703703703704
73 0.4993489583333333 0.32592592592592595 0.020572916666666666 0.05555555555555555
73 0.6178385416666666 0.32546296296296295 0.020572916666666666 0.05648148148148148
77 0.24791666666666667 0.30949074074074073 0.016666666666666666 0.033796296296296297
77 0.210546875 0.3090277777777778 0.01640625 0.033796296296296297
77 0.30182291666666666 0.30949074074074073 0.009895833333333333 0.03287037037037037